0.000	0.000	255.927
0.000	0.016	255.919
0.000	0.031	255.905
0.000	0.047	255.908
0.000	0.062	255.921
0.000	0.078	255.900
0.000	0.094	255.904
0.000	0.109	255.894
0.000	0.125	255.888
0.000	0.141	255.883
0.000	0.156	255.878
0.000	0.172	255.856
0.000	0.188	255.867
0.000	0.203	255.868
0.000	0.219	255.852
0.000	0.234	255.882
0.000	0.250	255.853
0.000	0.266	255.891
0.000	0.281	255.880
0.000	0.297	255.890
0.000	0.312	255.893
0.000	0.328	255.861
0.000	0.344	255.887
0.000	0.359	255.860
0.000	0.375	255.859
0.000	0.391	255.857
0.000	0.406	255.851
0.000	0.422	255.855
0.000	0.438	255.856
0.000	0.453	255.840
0.000	0.469	255.862
0.000	0.484	255.850
0.000	0.500	255.839
0.000	0.516	255.868
0.000	0.531	255.852
0.000	0.547	255.885
0.000	0.562	255.862
0.000	0.578	255.875
0.000	0.594	255.872
0.000	0.609	255.871
0.000	0.625	255.866
0.000	0.641	255.919
0.000	0.656	255.896
0.000	0.672	255.916
0.000	0.688	255.909
0.000	0.703	255.909
0.000	0.719	255.917
0.000	0.734	255.917
0.000	0.750	255.898
0.000	0.766	255.924
0.000	0.781	255.927
0.000	0.797	255.896
0.000	0.812	255.911
0.000	0.828	255.878
0.000	0.844	255.885
0.000	0.859	255.910
0.000	0.875	255.885
0.000	0.891	255.912
0.000	0.906	255.915
0.000	0.922	255.930
0.000	0.938	255.923
0.000	0.953	255.919
0.000	0.969	255.916
0.000	0.984	255.921

0.016	0.000	255.885
0.016	0.016	255.895
0.016	0.031	255.909
0.016	0.047	255.931
0.016	0.062	255.922
0.016	0.078	255.921
0.016	0.094	255.931
0.016	0.109	255.910
0.016	0.125	255.929
0.016	0.141	255.901
0.016	0.156	255.908
0.016	0.172	255.900
0.016	0.188	255.892
0.016	0.203	255.883
0.016	0.219	255.886
0.016	0.234	255.891
0.016	0.250	255.894
0.016	0.266	255.890
0.016	0.281	255.882
0.016	0.297	255.887
0.016	0.312	255.891
0.016	0.328	255.891
0.016	0.344	255.896
0.016	0.359	255.873
0.016	0.375	255.871
0.016	0.391	255.849
0.016	0.406	255.849
0.016	0.422	255.840
0.016	0.438	255.845
0.016	0.453	255.854
0.016	0.469	255.842
0.016	0.484	255.887
0.016	0.500	255.876
0.016	0.516	255.867
0.016	0.531	255.875
0.016	0.547	255.901
0.016	0.562	255.878
0.016	0.578	255.897
0.016	0.594	255.897
0.016	0.609	255.888
0.016	0.625	255.891
0.016	0.641	255.920
0.016	0.656	255.908
0.016	0.672	255.924
0.016	0.688	255.935
0.016	0.703	255.919
0.016	0.719	255.916
0.016	0.734	255.901
0.016	0.750	255.921
0.016	0.766	255.902
0.016	0.781	255.894
0.016	0.797	255.893
0.016	0.812	255.893
0.016	0.828	255.887
0.016	0.844	255.889
0.016	0.859	255.889
0.016	0.875	255.902
0.016	0.891	255.904
0.016	0.906	255.900
0.016	0.922	255.913
0.016	0.938	255.910
0.016	0.953	255.883
0.016	0.969	255.906
0.016	0.984	255.909

0.031	0.000	255.904
0.031	0.016	255.906
0.031	0.031	255.920
0.031	0.047	255.927
0.031	0.062	255.932
0.031	0.078	255.917
0.031	0.094	255.925
0.031	0.109	255.919
0.031	0.125	255.930
0.031	0.141	255.901
0.031	0.156	255.905
0.031	0.172	255.883
0.031	0.188	255.884
0.031	0.203	255.877
0.031	0.219	255.888
0.031	0.234	255.890
0.031	0.250	255.871
0.031	0.266	255.883
0.031	0.281	255.883
0.031	0.297	255.876
0.031	0.312	255.878
0.031	0.328	255.871
0.031	0.344	255.891
0.031	0.359	255.867
0.031	0.375	255.882
0.031	0.391	255.858
0.031	0.406	255.848
0.031	0.422	255.851
0.031	0.438	255.859
0.031	0.453	255.851
0.031	0.469	255.846
0.031	0.484	255.867
0.031	0.500	255.851
0.031	0.516	255.880
0.031	0.531	255.881
0.031	0.547	255.884
0.031	0.562	255.881
0.031	0.578	255.872
0.031	0.594	255.893
0.031	0.609	255.880
0.031	0.625	255.872
0.031	0.641	255.927
0.031	0.656	255.897
0.031	0.672	255.932
0.031	0.688	255.942
0.031	0.703	255.911
0.031	0.719	255.916
0.031	0.734	255.898
0.031	0.750	255.901
0.031	0.766	255.908
0.031	0.781	255.912
0.031	0.797	255.907
0.031	0.812	255.894
0.031	0.828	255.889
0.031	0.844	255.899
0.031	0.859	255.901
0.031	0.875	255.907
0.031	0.891	255.908
0.031	0.906	255.914
0.031	0.922	255.901
0.031	0.938	255.903
0.031	0.953	255.893
0.031	0.969	255.896
0.031	0.984	255.908

0.047	0.000	255.879
0.047	0.016	255.894
0.047	0.031	255.877
0.047	0.047	255.901
0.047	0.062	255.906
0.047	0.078	255.905
0.047	0.094	255.897
0.047	0.109	255.916
0.047	0.125	255.911
0.047	0.141	255.906
0.047	0.156	255.923
0.047	0.172	255.896
0.047	0.188	255.903
0.047	0.203	255.893
0.047	0.219	255.898
0.047	0.234	255.877
0.047	0.250	255.900
0.047	0.266	255.884
0.047	0.281	255.877
0.047	0.297	255.882
0.047	0.312	255.898
0.047	0.328	255.872
0.047	0.344	255.882
0.047	0.359	255.883
0.047	0.375	255.884
0.047	0.391	255.856
0.047	0.406	255.861
0.047	0.422	255.873
0.047	0.438	255.875
0.047	0.453	255.879
0.047	0.469	255.870
0.047	0.484	255.885
0.047	0.500	255.880
0.047	0.516	255.876
0.047	0.531	255.887
0.047	0.547	255.905
0.047	0.562	255.884
0.047	0.578	255.901
0.047	0.594	255.900
0.047	0.609	255.911
0.047	0.625	255.894
0.047	0.641	255.908
0.047	0.656	255.910
0.047	0.672	255.915
0.047	0.688	255.926
0.047	0.703	255.902
0.047	0.719	255.921
0.047	0.734	255.892
0.047	0.750	255.897
0.047	0.766	255.917
0.047	0.781	255.894
0.047	0.797	255.898
0.047	0.812	255.914
0.047	0.828	255.901
0.047	0.844	255.894
0.047	0.859	255.898
0.047	0.875	255.904
0.047	0.891	255.907
0.047	0.906	255.904
0.047	0.922	255.905
0.047	0.938	255.921
0.047	0.953	255.876
0.047	0.969	255.889
0.047	0.984	255.887

0.062	0.000	255.892
0.062	0.016	255.892
0.062	0.031	255.898
0.062	0.047	255.914
0.062	0.062	255.907
0.062	0.078	255.907
0.062	0.094	255.919
0.062	0.109	255.914
0.062	0.125	255.925
0.062	0.141	255.908
0.062	0.156	255.924
0.062	0.172	255.902
0.062	0.188	255.904
0.062	0.203	255.900
0.062	0.219	255.892
0.062	0.234	255.893
0.062	0.250	255.897
0.062	0.266	255.888
0.062	0.281	255.874
0.062	0.297	255.894
0.062	0.312	255.890
0.062	0.328	255.882
0.062	0.344	255.899
0.062	0.359	255.868
0.062	0.375	255.879
0.062	0.391	255.855
0.062	0.406	255.864
0.062	0.422	255.855
0.062	0.438	255.859
0.062	0.453	255.868
0.062	0.469	255.852
0.062	0.484	255.895
0.062	0.500	255.888
0.062	0.516	255.880
0.062	0.531	255.872
0.062	0.547	255.897
0.062	0.562	255.877
0.062	0.578	255.893
0.062	0.594	255.898
0.062	0.609	255.915
0.062	0.625	255.907
0.062	0.641	255.932
0.062	0.656	255.917
0.062	0.672	255.932
0.062	0.688	255.931
0.062	0.703	255.919
0.062	0.719	255.930
0.062	0.734	255.891
0.062	0.750	255.912
0.062	0.766	255.904
0.062	0.781	255.894
0.062	0.797	255.902
0.062	0.812	255.905
0.062	0.828	255.894
0.062	0.844	255.887
0.062	0.859	255.894
0.062	0.875	255.909
0.062	0.891	255.910
0.062	0.906	255.904
0.062	0.922	255.902
0.062	0.938	255.913
0.062	0.953	255.880
0.062	0.969	255.888
0.062	0.984	255.891

0.078	0.000	255.888
0.078	0.016	255.882
0.078	0.031	255.881
0.078	0.047	255.876
0.078	0.062	255.882
0.078	0.078	255.888
0.078	0.094	255.883
0.078	0.109	255.892
0.078	0.125	255.889
0.078	0.141	255.917
0.078	0.156	255.912
0.078	0.172	255.904
0.078	0.188	255.915
0.078	0.203	255.902
0.078	0.219	255.909
0.078	0.234	255.899
0.078	0.250	255.912
0.078	0.266	255.900
0.078	0.281	255.900
0.078	0.297	255.888
0.078	0.312	255.894
0.078	0.328	255.878
0.078	0.344	255.898
0.078	0.359	255.890
0.078	0.375	255.883
0.078	0.391	255.873
0.078	0.406	255.884
0.078	0.422	255.879
0.078	0.438	255.882
0.078	0.453	255.882
0.078	0.469	255.879
0.078	0.484	255.876
0.078	0.500	255.897
0.078	0.516	255.895
0.078	0.531	255.885
0.078	0.547	255.909
0.078	0.562	255.893
0.078	0.578	255.909
0.078	0.594	255.901
0.078	0.609	255.913
0.078	0.625	255.911
0.078	0.641	255.888
0.078	0.656	255.898
0.078	0.672	255.888
0.078	0.688	255.891
0.078	0.703	255.892
0.078	0.719	255.904
0.078	0.734	255.892
0.078	0.750	255.900
0.078	0.766	255.914
0.078	0.781	255.905
0.078	0.797	255.915
0.078	0.812	255.921
0.078	0.828	255.925
0.078	0.844	255.916
0.078	0.859	255.934
0.078	0.875	255.921
0.078	0.891	255.902
0.078	0.906	255.911
0.078	0.922	255.904
0.078	0.938	255.909
0.078	0.953	255.885
0.078	0.969	255.895
0.078	0.984	255.900

0.094	0.000	255.894
0.094	0.016	255.876
0.094	0.031	255.882
0.094	0.047	255.898
0.094	0.062	255.882
0.094	0.078	255.887
0.094	0.094	255.889
0.094	0.109	255.892
0.094	0.125	255.888
0.094	0.141	255.911
0.094	0.156	255.910
0.094	0.172	255.900
0.094	0.188	255.912
0.094	0.203	255.889
0.094	0.219	255.911
0.094	0.234	255.880
0.094	0.250	255.900
0.094	0.266	255.894
0.094	0.281	255.886
0.094	0.297	255.885
0.094	0.312	255.898
0.094	0.328	255.888
0.094	0.344	255.904
0.094	0.359	255.890
0.094	0.375	255.875
0.094	0.391	255.869
0.094	0.406	255.878
0.094	0.422	255.877
0.094	0.438	255.867
0.094	0.453	255.888
0.094	0.469	255.880
0.094	0.484	255.880
0.094	0.500	255.898
0.094	0.516	255.878
0.094	0.531	255.876
0.094	0.547	255.908
0.094	0.562	255.894
0.094	0.578	255.902
0.094	0.594	255.909
0.094	0.609	255.909
0.094	0.625	255.899
0.094	0.641	255.911
0.094	0.656	255.910
0.094	0.672	255.906
0.094	0.688	255.906
0.094	0.703	255.894
0.094	0.719	255.900
0.094	0.734	255.895
0.094	0.750	255.895
0.094	0.766	255.915
0.094	0.781	255.898
0.094	0.797	255.914
0.094	0.812	255.918
0.094	0.828	255.907
0.094	0.844	255.904
0.094	0.859	255.922
0.094	0.875	255.918
0.094	0.891	255.922
0.094	0.906	255.914
0.094	0.922	255.911
0.094	0.938	255.926
0.094	0.953	255.884
0.094	0.969	255.902
0.094	0.984	255.888

0.109	0.000	255.884
0.109	0.016	255.884
0.109	0.031	255.874
0.109	0.047	255.885
0.109	0.062	255.884
0.109	0.078	255.902
0.109	0.094	255.890
0.109	0.109	255.886
0.109	0.125	255.892
0.109	0.141	255.904
0.109	0.156	255.904
0.109	0.172	255.914
0.109	0.188	255.899
0.109	0.203	255.921
0.109	0.219	255.926
0.109	0.234	255.909
0.109	0.250	255.911
0.109	0.266	255.912
0.109	0.281	255.909
0.109	0.297	255.878
0.109	0.312	255.902
0.109	0.328	255.877
0.109	0.344	255.872
0.109	0.359	255.891
0.109	0.375	255.888
0.109	0.391	255.881
0.109	0.406	255.883
0.109	0.422	255.879
0.109	0.438	255.872
0.109	0.453	255.905
0.109	0.469	255.890
0.109	0.484	255.898
0.109	0.500	255.894
0.109	0.516	255.887
0.109	0.531	255.903
0.109	0.547	255.890
0.109	0.562	255.898
0.109	0.578	255.900
0.109	0.594	255.905
0.109	0.609	255.918
0.109	0.625	255.918
0.109	0.641	255.900
0.109	0.656	255.912
0.109	0.672	255.894
0.109	0.688	255.884
0.109	0.703	255.892
0.109	0.719	255.890
0.109	0.734	255.913
0.109	0.750	255.908
0.109	0.766	255.891
0.109	0.781	255.917
0.109	0.797	255.894
0.109	0.812	255.889
0.109	0.828	255.931
0.109	0.844	255.898
0.109	0.859	255.921
0.109	0.875	255.926
0.109	0.891	255.890
0.109	0.906	255.910
0.109	0.922	255.881
0.109	0.938	255.894
0.109	0.953	255.883
0.109	0.969	255.885
0.109	0.984	255.884

0.125	0.000	255.906
0.125	0.016	255.883
0.125	0.031	255.876
0.125	0.047	255.879
0.125	0.062	255.877
0.125	0.078	255.890
0.125	0.094	255.896
0.125	0.109	255.892
0.125	0.125	255.903
0.125	0.141	255.896
0.125	0.156	255.896
0.125	0.172	255.901
0.125	0.188	255.912
0.125	0.203	255.920
0.125	0.219	255.909
0.125	0.234	255.909
0.125	0.250	255.915
0.125	0.266	255.907
0.125	0.281	255.905
0.125	0.297	255.895
0.125	0.312	255.900
0.125	0.328	255.887
0.125	0.344	255.878
0.125	0.359	255.885
0.125	0.375	255.875
0.125	0.391	255.892
0.125	0.406	255.885
0.125	0.422	255.888
0.125	0.438	255.874
0.125	0.453	255.904
0.125	0.469	255.895
0.125	0.484	255.887
0.125	0.500	255.903
0.125	0.516	255.890
0.125	0.531	255.884
0.125	0.547	255.903
0.125	0.562	255.895
0.125	0.578	255.904
0.125	0.594	255.889
0.125	0.609	255.906
0.125	0.625	255.902
0.125	0.641	255.886
0.125	0.656	255.910
0.125	0.672	255.883
0.125	0.688	255.886
0.125	0.703	255.900
0.125	0.719	255.889
0.125	0.734	255.909
0.125	0.750	255.905
0.125	0.766	255.904
0.125	0.781	255.919
0.125	0.797	255.905
0.125	0.812	255.899
0.125	0.828	255.935
0.125	0.844	255.907
0.125	0.859	255.932
0.125	0.875	255.935
0.125	0.891	255.891
0.125	0.906	255.924
0.125	0.922	255.896
0.125	0.938	255.884
0.125	0.953	255.900
0.125	0.969	255.896
0.125	0.984	255.894

0.141	0.000	255.867
0.141	0.016	255.869
0.141	0.031	255.857
0.141	0.047	255.893
0.141	0.062	255.893
0.141	0.078	255.901
0.141	0.094	255.894
0.141	0.109	255.900
0.141	0.125	255.891
0.141	0.141	255.918
0.141	0.156	255.902
0.141	0.172	255.911
0.141	0.188	255.913
0.141	0.203	255.908
0.141	0.219	255.927
0.141	0.234	255.900
0.141	0.250	255.899
0.141	0.266	255.909
0.141	0.281	255.906
0.141	0.297	255.880
0.141	0.312	255.894
0.141	0.328	255.887
0.141	0.344	255.884
0.141	0.359	255.862
0.141	0.375	255.885
0.141	0.391	255.870
0.141	0.406	255.864
0.141	0.422	255.883
0.141	0.438	255.872
0.141	0.453	255.899
0.141	0.469	255.895
0.141	0.484	255.907
0.141	0.500	255.888
0.141	0.516	255.915
0.141	0.531	255.913
0.141	0.547	255.890
0.141	0.562	255.897
0.141	0.578	255.911
0.141	0.594	255.902
0.141	0.609	255.911
0.141	0.625	255.920
0.141	0.641	255.906
0.141	0.656	255.904
0.141	0.672	255.918
0.141	0.688	255.910
0.141	0.703	255.898
0.141	0.719	255.912
0.141	0.734	255.903
0.141	0.750	255.905
0.141	0.766	255.889
0.141	0.781	255.893
0.141	0.797	255.896
0.141	0.812	255.889
0.141	0.828	255.907
0.141	0.844	255.880
0.141	0.859	255.908
0.141	0.875	255.901
0.141	0.891	255.885
0.141	0.906	255.886
0.141	0.922	255.889
0.141	0.938	255.881
0.141	0.953	255.889
0.141	0.969	255.882
0.141	0.984	255.858

0.156	0.000	255.873
0.156	0.016	255.870
0.156	0.031	255.862
0.156	0.047	255.901
0.156	0.062	255.896
0.156	0.078	255.896
0.156	0.094	255.900
0.156	0.109	255.890
0.156	0.125	255.882
0.156	0.141	255.905
0.156	0.156	255.899
0.156	0.172	255.917
0.156	0.188	255.911
0.156	0.203	255.907
0.156	0.219	255.927
0.156	0.234	255.900
0.156	0.250	255.910
0.156	0.266	255.909
0.156	0.281	255.908
0.156	0.297	255.878
0.156	0.312	255.896
0.156	0.328	255.887
0.156	0.344	255.884
0.156	0.359	255.869
0.156	0.375	255.889
0.156	0.391	255.884
0.156	0.406	255.871
0.156	0.422	255.891
0.156	0.438	255.885
0.156	0.453	255.908
0.156	0.469	255.892
0.156	0.484	255.897
0.156	0.500	255.898
0.156	0.516	255.894
0.156	0.531	255.911
0.156	0.547	255.888
0.156	0.562	255.890
0.156	0.578	255.904
0.156	0.594	255.900
0.156	0.609	255.917
0.156	0.625	255.916
0.156	0.641	255.900
0.156	0.656	255.911
0.156	0.672	255.913
0.156	0.688	255.901
0.156	0.703	255.903
0.156	0.719	255.908
0.156	0.734	255.901
0.156	0.750	255.917
0.156	0.766	255.889
0.156	0.781	255.909
0.156	0.797	255.880
0.156	0.812	255.882
0.156	0.828	255.921
0.156	0.844	255.887
0.156	0.859	255.912
0.156	0.875	255.922
0.156	0.891	255.889
0.156	0.906	255.898
0.156	0.922	255.885
0.156	0.938	255.900
0.156	0.953	255.877
0.156	0.969	255.882
0.156	0.984	255.864

0.172	0.000	255.879
0.172	0.016	255.883
0.172	0.031	255.872
0.172	0.047	255.896
0.172	0.062	255.880
0.172	0.078	255.913
0.172	0.094	255.900
0.172	0.109	255.923
0.172	0.125	255.929
0.172	0.141	255.936
0.172	0.156	255.942
0.172	0.172	255.917
0.172	0.188	255.914
0.172	0.203	255.929
0.172	0.219	255.929
0.172	0.234	255.907
0.172	0.250	255.900
0.172	0.266	255.910
0.172	0.281	255.900
0.172	0.297	255.879
0.172	0.312	255.892
0.172	0.328	255.885
0.172	0.344	255.881
0.172	0.359	255.879
0.172	0.375	255.886
0.172	0.391	255.872
0.172	0.406	255.865
0.172	0.422	255.909
0.172	0.438	255.895
0.172	0.453	255.912
0.172	0.469	255.910
0.172	0.484	255.921
0.172	0.500	255.914
0.172	0.516	255.915
0.172	0.531	255.918
0.172	0.547	255.914
0.172	0.562	255.907
0.172	0.578	255.901
0.172	0.594	255.897
0.172	0.609	255.915
0.172	0.625	255.919
0.172	0.641	255.898
0.172	0.656	255.897
0.172	0.672	255.920
0.172	0.688	255.901
0.172	0.703	255.910
0.172	0.719	255.926
0.172	0.734	255.917
0.172	0.750	255.915
0.172	0.766	255.885
0.172	0.781	255.907
0.172	0.797	255.873
0.172	0.812	255.879
0.172	0.828	255.890
0.172	0.844	255.874
0.172	0.859	255.895
0.172	0.875	255.898
0.172	0.891	255.893
0.172	0.906	255.896
0.172	0.922	255.915
0.172	0.938	255.896
0.172	0.953	255.887
0.172	0.969	255.910
0.172	0.984	255.873

0.188	0.000	255.873
0.188	0.016	255.869
0.188	0.031	255.862
0.188	0.047	255.882
0.188	0.062	255.874
0.188	0.078	255.897
0.188	0.094	255.901
0.188	0.109	255.913
0.188	0.125	255.912
0.188	0.141	255.936
0.188	0.156	255.931
0.188	0.172	255.921
0.188	0.188	255.925
0.188	0.203	255.930
0.188	0.219	255.936
0.188	0.234	255.903
0.188	0.250	255.919
0.188	0.266	255.914
0.188	0.281	255.910
0.188	0.297	255.894
0.188	0.312	255.892
0.188	0.328	255.878
0.188	0.344	255.886
0.188	0.359	255.865
0.188	0.375	255.878
0.188	0.391	255.872
0.188	0.406	255.871
0.188	0.422	255.886
0.188	0.438	255.871
0.188	0.453	255.903
0.188	0.469	255.903
0.188	0.484	255.922
0.188	0.500	255.897
0.188	0.516	255.917
0.188	0.531	255.914
0.188	0.547	255.913
0.188	0.562	255.906
0.188	0.578	255.913
0.188	0.594	255.894
0.188	0.609	255.914
0.188	0.625	255.907
0.188	0.641	255.901
0.188	0.656	255.906
0.188	0.672	255.909
0.188	0.688	255.910
0.188	0.703	255.911
0.188	0.719	255.921
0.188	0.734	255.908
0.188	0.750	255.906
0.188	0.766	255.890
0.188	0.781	255.908
0.188	0.797	255.876
0.188	0.812	255.895
0.188	0.828	255.895
0.188	0.844	255.876
0.188	0.859	255.892
0.188	0.875	255.903
0.188	0.891	255.891
0.188	0.906	255.889
0.188	0.922	255.897
0.188	0.938	255.885
0.188	0.953	255.884
0.188	0.969	255.895
0.188	0.984	255.874

0.203	0.000	255.911
0.203	0.016	255.885
0.203	0.031	255.898
0.203	0.047	255.893
0.203	0.062	255.883
0.203	0.078	255.914
0.203	0.094	255.907
0.203	0.109	255.941
0.203	0.125	255.930
0.203	0.141	255.937
0.203	0.156	255.949
0.203	0.172	255.926
0.203	0.188	255.929
0.203	0.203	255.930
0.203	0.219	255.933
0.203	0.234	255.909
0.203	0.250	255.905
0.203	0.266	255.899
0.203	0.281	255.891
0.203	0.297	255.906
0.203	0.312	255.896
0.203	0.328	255.878
0.203	0.344	255.895
0.203	0.359	255.889
0.203	0.375	255.878
0.203	0.391	255.900
0.203	0.406	255.894
0.203	0.422	255.909
0.203	0.438	255.904
0.203	0.453	255.914
0.203	0.469	255.904
0.203	0.484	255.909
0.203	0.500	255.909
0.203	0.516	255.923
0.203	0.531	255.917
0.203	0.547	255.908
0.203	0.562	255.912
0.203	0.578	255.922
0.203	0.594	255.918
0.203	0.609	255.926
0.203	0.625	255.925
0.203	0.641	255.923
0.203	0.656	255.931
0.203	0.672	255.920
0.203	0.688	255.931
0.203	0.703	255.900
0.203	0.719	255.904
0.203	0.734	255.887
0.203	0.750	255.901
0.203	0.766	255.901
0.203	0.781	255.891
0.203	0.797	255.881
0.203	0.812	255.876
0.203	0.828	255.882
0.203	0.844	255.876
0.203	0.859	255.900
0.203	0.875	255.899
0.203	0.891	255.913
0.203	0.906	255.912
0.203	0.922	255.917
0.203	0.938	255.916
0.203	0.953	255.899
0.203	0.969	255.918
0.203	0.984	255.905

0.219	0.000	255.902
0.219	0.016	255.873
0.219	0.031	255.887
0.219	0.047	255.888
0.219	0.062	255.877
0.219	0.078	255.915
0.219	0.094	255.903
0.219	0.109	255.930
0.219	0.125	255.916
0.219	0.141	255.938
0.219	0.156	255.942
0.219	0.172	255.934
0.219	0.188	255.925
0.219	0.203	255.910
0.219	0.219	255.933
0.219	0.234	255.896
0.219	0.250	255.894
0.219	0.266	255.892
0.219	0.281	255.902
0.219	0.297	255.882
0.219	0.312	255.896
0.219	0.328	255.871
0.219	0.344	255.886
0.219	0.359	255.885
0.219	0.375	255.870
0.219	0.391	255.893
0.219	0.406	255.878
0.219	0.422	255.899
0.219	0.438	255.902
0.219	0.453	255.920
0.219	0.469	255.904
0.219	0.484	255.923
0.219	0.500	255.915
0.219	0.516	255.919
0.219	0.531	255.921
0.219	0.547	255.904
0.219	0.562	255.910
0.219	0.578	255.920
0.219	0.594	255.906
0.219	0.609	255.925
0.219	0.625	255.931
0.219	0.641	255.905
0.219	0.656	255.910
0.219	0.672	255.931
0.219	0.688	255.919
0.219	0.703	255.895
0.219	0.719	255.927
0.219	0.734	255.894
0.219	0.750	255.900
0.219	0.766	255.882
0.219	0.781	255.904
0.219	0.797	255.877
0.219	0.812	255.875
0.219	0.828	255.879
0.219	0.844	255.872
0.219	0.859	255.904
0.219	0.875	255.896
0.219	0.891	255.902
0.219	0.906	255.898
0.219	0.922	255.915
0.219	0.938	255.915
0.219	0.953	255.896
0.219	0.969	255.906
0.219	0.984	255.901

0.234	0.000	255.916
0.234	0.016	255.914
0.234	0.031	255.909
0.234	0.047	255.926
0.234	0.062	255.915
0.234	0.078	255.933
0.234	0.094	255.941
0.234	0.109	255.958
0.234	0.125	255.953
0.234	0.141	255.926
0.234	0.156	255.946
0.234	0.172	255.914
0.234	0.188	255.922
0.234	0.203	255.910
0.234	0.219	255.916
0.234	0.234	255.899
0.234	0.250	255.902
0.234	0.266	255.918
0.234	0.281	255.903
0.234	0.297	255.914
0.234	0.312	255.921
0.234	0.328	255.896
0.234	0.344	255.905
0.234	0.359	255.904
0.234	0.375	255.899
0.234	0.391	255.911
0.234	0.406	255.897
0.234	0.422	255.914
0.234	0.438	255.897
0.234	0.453	255.909
0.234	0.469	255.916
0.234	0.484	255.912
0.234	0.500	255.916
0.234	0.516	255.935
0.234	0.531	255.930
0.234	0.547	255.920
0.234	0.562	255.931
0.234	0.578	255.895
0.234	0.594	255.919
0.234	0.609	255.919
0.234	0.625	255.908
0.234	0.641	255.925
0.234	0.656	255.934
0.234	0.672	255.907
0.234	0.688	255.922
0.234	0.703	255.882
0.234	0.719	255.899
0.234	0.734	255.895
0.234	0.750	255.884
0.234	0.766	255.912
0.234	0.781	255.897
0.234	0.797	255.910
0.234	0.812	255.909
0.234	0.828	255.904
0.234	0.844	255.907
0.234	0.859	255.911
0.234	0.875	255.909
0.234	0.891	255.917
0.234	0.906	255.908
0.234	0.922	255.930
0.234	0.938	255.932
0.234	0.953	255.916
0.234	0.969	255.908
0.234	0.984	255.905

0.250	0.000	255.903
0.250	0.016	255.902
0.250	0.031	255.909
0.250	0.047	255.914
0.250	0.062	255.917
0.250	0.078	255.938
0.250	0.094	255.926
0.250	0.109	255.938
0.250	0.125	255.943
0.250	0.141	255.924
0.250	0.156	255.946
0.250	0.172	255.911
0.250	0.188	255.922
0.250	0.203	255.926
0.250	0.219	255.919
0.250	0.234	255.909
0.250	0.250	255.917
0.250	0.266	255.907
0.250	0.281	255.897
0.250	0.297	255.907
0.250	0.312	255.912
0.250	0.328	255.900
0.250	0.344	255.892
0.250	0.359	255.898
0.250	0.375	255.888
0.250	0.391	255.890
0.250	0.406	255.891
0.250	0.422	255.909
0.250	0.438	255.894
0.250	0.453	255.920
0.250	0.469	255.919
0.250	0.484	255.918
0.250	0.500	255.910
0.250	0.516	255.913
0.250	0.531	255.915
0.250	0.547	255.924
0.250	0.562	255.917
0.250	0.578	255.908
0.250	0.594	255.909
0.250	0.609	255.917
0.250	0.625	255.915
0.250	0.641	255.932
0.250	0.656	255.930
0.250	0.672	255.908
0.250	0.688	255.915
0.250	0.703	255.897
0.250	0.719	255.897
0.250	0.734	255.898
0.250	0.750	255.898
0.250	0.766	255.900
0.250	0.781	255.888
0.250	0.797	255.895
0.250	0.812	255.888
0.250	0.828	255.886
0.250	0.844	255.891
0.250	0.859	255.907
0.250	0.875	255.890
0.250	0.891	255.918
0.250	0.906	255.912
0.250	0.922	255.927
0.250	0.938	255.926
0.250	0.953	255.905
0.250	0.969	255.911
0.250	0.984	255.916

0.266	0.000	255.926
0.266	0.016	255.927
0.266	0.031	255.945
0.266	0.047	255.931
0.266	0.062	255.931
0.266	0.078	255.939
0.266	0.094	255.944
0.266	0.109	255.952
0.266	0.125	255.954
0.266	0.141	255.949
0.266	0.156	255.934
0.266	0.172	255.918
0.266	0.188	255.933
0.266	0.203	255.930
0.266	0.219	255.921
0.266	0.234	255.907
0.266	0.250	255.927
0.266	0.266	255.898
0.266	0.281	255.900
0.266	0.297	255.902
0.266	0.312	255.914
0.266	0.328	255.907
0.266	0.344	255.912
0.266	0.359	255.906
0.266	0.375	255.917
0.266	0.391	255.893
0.266	0.406	255.894
0.266	0.422	255.897
0.266	0.438	255.897
0.266	0.453	255.888
0.266	0.469	255.881
0.266	0.484	255.908
0.266	0.500	255.889
0.266	0.516	255.899
0.266	0.531	255.894
0.266	0.547	255.915
0.266	0.562	255.901
0.266	0.578	255.893
0.266	0.594	255.907
0.266	0.609	255.910
0.266	0.625	255.903
0.266	0.641	255.905
0.266	0.656	255.918
0.266	0.672	255.916
0.266	0.688	255.904
0.266	0.703	255.892
0.266	0.719	255.899
0.266	0.734	255.896
0.266	0.750	255.902
0.266	0.766	255.897
0.266	0.781	255.911
0.266	0.797	255.919
0.266	0.812	255.900
0.266	0.828	255.923
0.266	0.844	255.916
0.266	0.859	255.924
0.266	0.875	255.931
0.266	0.891	255.929
0.266	0.906	255.927
0.266	0.922	255.942
0.266	0.938	255.944
0.266	0.953	255.925
0.266	0.969	255.917
0.266	0.984	255.942

0.281	0.000	255.915
0.281	0.016	255.914
0.281	0.031	255.922
0.281	0.047	255.936
0.281	0.062	255.921
0.281	0.078	255.954
0.281	0.094	255.947
0.281	0.109	255.951
0.281	0.125	255.959
0.281	0.141	255.938
0.281	0.156	255.948
0.281	0.172	255.910
0.281	0.188	255.918
0.281	0.203	255.926
0.281	0.219	255.911
0.281	0.234	255.918
0.281	0.250	255.915
0.281	0.266	255.903
0.281	0.281	255.899
0.281	0.297	255.899
0.281	0.312	255.903
0.281	0.328	255.921
0.281	0.344	255.903
0.281	0.359	255.914
0.281	0.375	255.919
0.281	0.391	255.912
0.281	0.406	255.916
0.281	0.422	255.909
0.281	0.438	255.904
0.281	0.453	255.890
0.281	0.469	255.898
0.281	0.484	255.898
0.281	0.500	255.905
0.281	0.516	255.916
0.281	0.531	255.907
0.281	0.547	255.906
0.281	0.562	255.911
0.281	0.578	255.894
0.281	0.594	255.909
0.281	0.609	255.902
0.281	0.625	255.900
0.281	0.641	255.916
0.281	0.656	255.917
0.281	0.672	255.914
0.281	0.688	255.910
0.281	0.703	255.890
0.281	0.719	255.891
0.281	0.734	255.895
0.281	0.750	255.893
0.281	0.766	255.917
0.281	0.781	255.910
0.281	0.797	255.910
0.281	0.812	255.903
0.281	0.828	255.920
0.281	0.844	255.915
0.281	0.859	255.911
0.281	0.875	255.904
0.281	0.891	255.938
0.281	0.906	255.915
0.281	0.922	255.940
0.281	0.938	255.944
0.281	0.953	255.911
0.281	0.969	255.912
0.281	0.984	255.915

0.297	0.000	255.941
0.297	0.016	255.945
0.297	0.031	255.942
0.297	0.047	255.933
0.297	0.062	255.935
0.297	0.078	255.954
0.297	0.094	255.952
0.297	0.109	255.934
0.297	0.125	255.936
0.297	0.141	255.944
0.297	0.156	255.933
0.297	0.172	255.929
0.297	0.188	255.937
0.297	0.203	255.916
0.297	0.219	255.921
0.297	0.234	255.910
0.297	0.250	255.910
0.297	0.266	255.922
0.297	0.281	255.921
0.297	0.297	255.916
0.297	0.312	255.917
0.297	0.328	255.911
0.297	0.344	255.911
0.297	0.359	255.891
0.297	0.375	255.915
0.297	0.391	255.882
0.297	0.406	255.892
0.297	0.422	255.880
0.297	0.438	255.888
0.297	0.453	255.914
0.297	0.469	255.894
0.297	0.484	255.901
0.297	0.500	255.913
0.297	0.516	255.892
0.297	0.531	255.902
0.297	0.547	255.904
0.297	0.562	255.897
0.297	0.578	255.903
0.297	0.594	255.909
0.297	0.609	255.905
0.297	0.625	255.893
0.297	0.641	255.910
0.297	0.656	255.910
0.297	0.672	255.907
0.297	0.688	255.904
0.297	0.703	255.893
0.297	0.719	255.899
0.297	0.734	255.875
0.297	0.750	255.884
0.297	0.766	255.879
0.297	0.781	255.877
0.297	0.797	255.892
0.297	0.812	255.894
0.297	0.828	255.906
0.297	0.844	255.888
0.297	0.859	255.933
0.297	0.875	255.920
0.297	0.891	255.937
0.297	0.906	255.941
0.297	0.922	255.938
0.297	0.938	255.944
0.297	0.953	255.934
0.297	0.969	255.937
0.297	0.984	255.939

0.312	0.000	255.936
0.312	0.016	255.936
0.312	0.031	255.947
0.312	0.047	255.942
0.312	0.062	255.924
0.312	0.078	255.936
0.312	0.094	255.949
0.312	0.109	255.937
0.312	0.125	255.934
0.312	0.141	255.950
0.312	0.156	255.933
0.312	0.172	255.925
0.312	0.188	255.939
0.312	0.203	255.925
0.312	0.219	255.933
0.312	0.234	255.923
0.312	0.250	255.933
0.312	0.266	255.924
0.312	0.281	255.921
0.312	0.297	255.910
0.312	0.312	255.921
0.312	0.328	255.901
0.312	0.344	255.908
0.312	0.359	255.900
0.312	0.375	255.917
0.312	0.391	255.890
0.312	0.406	255.898
0.312	0.422	255.890
0.312	0.438	255.883
0.312	0.453	255.894
0.312	0.469	255.886
0.312	0.484	255.892
0.312	0.500	255.901
0.312	0.516	255.895
0.312	0.531	255.888
0.312	0.547	255.910
0.312	0.562	255.897
0.312	0.578	255.896
0.312	0.594	255.897
0.312	0.609	255.914
0.312	0.625	255.898
0.312	0.641	255.901
0.312	0.656	255.913
0.312	0.672	255.912
0.312	0.688	255.904
0.312	0.703	255.901
0.312	0.719	255.896
0.312	0.734	255.882
0.312	0.750	255.885
0.312	0.766	255.889
0.312	0.781	255.881
0.312	0.797	255.907
0.312	0.812	255.907
0.312	0.828	255.920
0.312	0.844	255.911
0.312	0.859	255.938
0.312	0.875	255.938
0.312	0.891	255.938
0.312	0.906	255.932
0.312	0.922	255.934
0.312	0.938	255.947
0.312	0.953	255.924
0.312	0.969	255.927
0.312	0.984	255.948

0.328	0.000	255.916
0.328	0.016	255.933
0.328	0.031	255.940
0.328	0.047	255.933
0.328	0.062	255.915
0.328	0.078	255.938
0.328	0.094	255.951
0.328	0.109	255.937
0.328	0.125	255.933
0.328	0.141	255.928
0.328	0.156	255.936
0.328	0.172	255.913
0.328	0.188	255.916
0.328	0.203	255.919
0.328	0.219	255.902
0.328	0.234	255.911
0.328	0.250	255.930
0.328	0.266	255.911
0.328	0.281	255.905
0.328	0.297	255.899
0.328	0.312	255.907
0.328	0.328	255.907
0.328	0.344	255.908
0.328	0.359	255.908
0.328	0.375	255.911
0.328	0.391	255.898
0.328	0.406	255.903
0.328	0.422	255.881
0.328	0.438	255.873
0.328	0.453	255.903
0.328	0.469	255.901
0.328	0.484	255.910
0.328	0.500	255.914
0.328	0.516	255.897
0.328	0.531	255.892
0.328	0.547	255.908
0.328	0.562	255.897
0.328	0.578	255.897
0.328	0.594	255.901
0.328	0.609	255.899
0.328	0.625	255.896
0.328	0.641	255.891
0.328	0.656	255.899
0.328	0.672	255.896
0.328	0.688	255.902
0.328	0.703	255.882
0.328	0.719	255.884
0.328	0.734	255.869
0.328	0.750	255.876
0.328	0.766	255.894
0.328	0.781	255.889
0.328	0.797	255.877
0.328	0.812	255.886
0.328	0.828	255.904
0.328	0.844	255.884
0.328	0.859	255.907
0.328	0.875	255.903
0.328	0.891	255.917
0.328	0.906	255.915
0.328	0.922	255.908
0.328	0.938	255.909
0.328	0.953	255.920
0.328	0.969	255.929
0.328	0.984	255.921

0.344	0.000	255.935
0.344	0.016	255.925
0.344	0.031	255.940
0.344	0.047	255.937
0.344	0.062	255.921
0.344	0.078	255.952
0.344	0.094	255.952
0.344	0.109	255.932
0.344	0.125	255.951
0.344	0.141	255.934
0.344	0.156	255.939
0.344	0.172	255.917
0.344	0.188	255.931
0.344	0.203	255.918
0.344	0.219	255.905
0.344	0.234	255.918
0.344	0.250	255.911
0.344	0.266	255.911
0.344	0.281	255.911
0.344	0.297	255.903
0.344	0.312	255.898
0.344	0.328	255.907
0.344	0.344	255.898
0.344	0.359	255.907
0.344	0.375	255.903
0.344	0.391	255.895
0.344	0.406	255.907
0.344	0.422	255.892
0.344	0.438	255.881
0.344	0.453	255.907
0.344	0.469	255.903
0.344	0.484	255.909
0.344	0.500	255.898
0.344	0.516	255.905
0.344	0.531	255.899
0.344	0.547	255.906
0.344	0.562	255.912
0.344	0.578	255.899
0.344	0.594	255.913
0.344	0.609	255.887
0.344	0.625	255.882
0.344	0.641	255.896
0.344	0.656	255.905
0.344	0.672	255.906
0.344	0.688	255.910
0.344	0.703	255.884
0.344	0.719	255.890
0.344	0.734	255.873
0.344	0.750	255.886
0.344	0.766	255.873
0.344	0.781	255.881
0.344	0.797	255.894
0.344	0.812	255.885
0.344	0.828	255.903
0.344	0.844	255.880
0.344	0.859	255.921
0.344	0.875	255.917
0.344	0.891	255.926
0.344	0.906	255.931
0.344	0.922	255.919
0.344	0.938	255.924
0.344	0.953	255.936
0.344	0.969	255.938
0.344	0.984	255.933

0.359	0.000	255.906
0.359	0.016	255.902
0.359	0.031	255.898
0.359	0.047	255.900
0.359	0.062	255.895
0.359	0.078	255.909
0.359	0.094	255.902
0.359	0.109	255.925
0.359	0.125	255.929
0.359	0.141	255.927
0.359	0.156	255.931
0.359	0.172	255.919
0.359	0.188	255.917
0.359	0.203	255.906
0.359	0.219	255.919
0.359	0.234	255.907
0.359	0.250	255.915
0.359	0.266	255.904
0.359	0.281	255.906
0.359	0.297	255.905
0.359	0.312	255.917
0.359	0.328	255.893
0.359	0.344	255.909
0.359	0.359	255.895
0.359	0.375	255.898
0.359	0.391	255.877
0.359	0.406	255.872
0.359	0.422	255.907
0.359	0.438	255.892
0.359	0.453	255.915
0.359	0.469	255.914
0.359	0.484	255.899
0.359	0.500	255.898
0.359	0.516	255.905
0.359	0.531	255.908
0.359	0.547	255.892
0.359	0.562	255.913
0.359	0.578	255.900
0.359	0.594	255.895
0.359	0.609	255.884
0.359	0.625	255.897
0.359	0.641	255.889
0.359	0.656	255.890
0.359	0.672	255.873
0.359	0.688	255.876
0.359	0.703	255.873
0.359	0.719	255.870
0.359	0.734	255.867
0.359	0.750	255.867
0.359	0.766	255.882
0.359	0.781	255.872
0.359	0.797	255.877
0.359	0.812	255.898
0.359	0.828	255.880
0.359	0.844	255.874
0.359	0.859	255.882
0.359	0.875	255.890
0.359	0.891	255.892
0.359	0.906	255.888
0.359	0.922	255.885
0.359	0.938	255.896
0.359	0.953	255.892
0.359	0.969	255.892
0.359	0.984	255.892

0.375	0.000	255.921
0.375	0.016	255.928
0.375	0.031	255.921
0.375	0.047	255.929
0.375	0.062	255.922
0.375	0.078	255.930
0.375	0.094	255.934
0.375	0.109	255.934
0.375	0.125	255.935
0.375	0.141	255.925
0.375	0.156	255.920
0.375	0.172	255.913
0.375	0.188	255.931
0.375	0.203	255.917
0.375	0.219	255.914
0.375	0.234	255.903
0.375	0.250	255.922
0.375	0.266	255.911
0.375	0.281	255.914
0.375	0.297	255.893
0.375	0.312	255.909
0.375	0.328	255.896
0.375	0.344	255.891
0.375	0.359	255.907
0.375	0.375	255.898
0.375	0.391	255.892
0.375	0.406	255.885
0.375	0.422	255.892
0.375	0.438	255.876
0.375	0.453	255.892
0.375	0.469	255.899
0.375	0.484	255.898
0.375	0.500	255.904
0.375	0.516	255.906
0.375	0.531	255.894
0.375	0.547	255.910
0.375	0.562	255.914
0.375	0.578	255.904
0.375	0.594	255.900
0.375	0.609	255.889
0.375	0.625	255.905
0.375	0.641	255.899
0.375	0.656	255.903
0.375	0.672	255.881
0.375	0.688	255.882
0.375	0.703	255.889
0.375	0.719	255.888
0.375	0.734	255.861
0.375	0.750	255.871
0.375	0.766	255.891
0.375	0.781	255.870
0.375	0.797	255.875
0.375	0.812	255.894
0.375	0.828	255.890
0.375	0.844	255.884
0.375	0.859	255.892
0.375	0.875	255.888
0.375	0.891	255.918
0.375	0.906	255.915
0.375	0.922	255.900
0.375	0.938	255.902
0.375	0.953	255.899
0.375	0.969	255.903
0.375	0.984	255.919

0.391	0.000	255.889
0.391	0.016	255.878
0.391	0.031	255.885
0.391	0.047	255.887
0.391	0.062	255.877
0.391	0.078	255.903
0.391	0.094	255.897
0.391	0.109	255.920
0.391	0.125	255.916
0.391	0.141	255.928
0.391	0.156	255.920
0.391	0.172	255.918
0.391	0.188	255.925
0.391	0.203	255.931
0.391	0.219	255.923
0.391	0.234	255.931
0.391	0.250	255.929
0.391	0.266	255.937
0.391	0.281	255.938
0.391	0.297	255.918
0.391	0.312	255.914
0.391	0.328	255.916
0.391	0.344	255.926
0.391	0.359	255.890
0.391	0.375	255.909
0.391	0.391	255.879
0.391	0.406	255.878
0.391	0.422	255.899
0.391	0.438	255.882
0.391	0.453	255.929
0.391	0.469	255.906
0.391	0.484	255.909
0.391	0.500	255.913
0.391	0.516	255.910
0.391	0.531	255.903
0.391	0.547	255.914
0.391	0.562	255.908
0.391	0.578	255.879
0.391	0.594	255.896
0.391	0.609	255.880
0.391	0.625	255.900
0.391	0.641	255.859
0.391	0.656	255.863
0.391	0.672	255.859
0.391	0.688	255.862
0.391	0.703	255.869
0.391	0.719	255.865
0.391	0.734	255.864
0.391	0.750	255.866
0.391	0.766	255.874
0.391	0.781	255.871
0.391	0.797	255.890
0.391	0.812	255.891
0.391	0.828	255.873
0.391	0.844	255.880
0.391	0.859	255.896
0.391	0.875	255.898
0.391	0.891	255.887
0.391	0.906	255.895
0.391	0.922	255.880
0.391	0.938	255.889
0.391	0.953	255.896
0.391	0.969	255.882
0.391	0.984	255.889

0.406	0.000	255.889
0.406	0.016	255.882
0.406	0.031	255.877
0.406	0.047	255.896
0.406	0.062	255.893
0.406	0.078	255.911
0.406	0.094	255.895
0.406	0.109	255.915
0.406	0.125	255.919
0.406	0.141	255.933
0.406	0.156	255.921
0.406	0.172	255.915
0.406	0.188	255.923
0.406	0.203	255.922
0.406	0.219	255.928
0.406	0.234	255.911
0.406	0.250	255.915
0.406	0.266	255.910
0.406	0.281	255.925
0.406	0.297	255.910
0.406	0.312	255.911
0.406	0.328	255.913
0.406	0.344	255.917
0.406	0.359	255.885
0.406	0.375	255.899
0.406	0.391	255.888
0.406	0.406	255.876
0.406	0.422	255.903
0.406	0.438	255.894
0.406	0.453	255.916
0.406	0.469	255.905
0.406	0.484	255.907
0.406	0.500	255.911
0.406	0.516	255.918
0.406	0.531	255.897
0.406	0.547	255.913
0.406	0.562	255.918
0.406	0.578	255.886
0.406	0.594	255.896
0.406	0.609	255.876
0.406	0.625	255.900
0.406	0.641	255.873
0.406	0.656	255.866
0.406	0.672	255.859
0.406	0.688	255.870
0.406	0.703	255.878
0.406	0.719	255.870
0.406	0.734	255.873
0.406	0.750	255.862
0.406	0.766	255.884
0.406	0.781	255.874
0.406	0.797	255.892
0.406	0.812	255.900
0.406	0.828	255.886
0.406	0.844	255.882
0.406	0.859	255.896
0.406	0.875	255.895
0.406	0.891	255.881
0.406	0.906	255.896
0.406	0.922	255.882
0.406	0.938	255.878
0.406	0.953	255.896
0.406	0.969	255.891
0.406	0.984	255.877

0.422	0.000	255.900
0.422	0.016	255.887
0.422	0.031	255.890
0.422	0.047	255.906
0.422	0.062	255.886
0.422	0.078	255.915
0.422	0.094	255.906
0.422	0.109	255.921
0.422	0.125	255.923
0.422	0.141	255.911
0.422	0.156	255.909
0.422	0.172	255.930
0.422	0.188	255.932
0.422	0.203	255.954
0.422	0.219	255.937
0.422	0.234	255.957
0.422	0.250	255.949
0.422	0.266	255.948
0.422	0.281	255.953
0.422	0.297	255.924
0.422	0.312	255.941
0.422	0.328	255.906
0.422	0.344	255.907
0.422	0.359	255.907
0.422	0.375	255.914
0.422	0.391	255.902
0.422	0.406	255.894
0.422	0.422	255.928
0.422	0.438	255.917
0.422	0.453	255.939
0.422	0.469	255.936
0.422	0.484	255.910
0.422	0.500	255.935
0.422	0.516	255.895
0.422	0.531	255.895
0.422	0.547	255.892
0.422	0.562	255.900
0.422	0.578	255.878
0.422	0.594	255.890
0.422	0.609	255.870
0.422	0.625	255.875
0.422	0.641	255.870
0.422	0.656	255.882
0.422	0.672	255.867
0.422	0.688	255.862
0.422	0.703	255.883
0.422	0.719	255.888
0.422	0.734	255.872
0.422	0.750	255.878
0.422	0.766	255.867
0.422	0.781	255.868
0.422	0.797	255.879
0.422	0.812	255.875
0.422	0.828	255.870
0.422	0.844	255.874
0.422	0.859	255.902
0.422	0.875	255.874
0.422	0.891	255.910
0.422	0.906	255.902
0.422	0.922	255.897
0.422	0.938	255.913
0.422	0.953	255.900
0.422	0.969	255.885
0.422	0.984	255.885

0.438	0.000	255.897
0.438	0.016	255.884
0.438	0.031	255.894
0.438	0.047	255.903
0.438	0.062	255.884
0.438	0.078	255.908
0.438	0.094	255.913
0.438	0.109	255.915
0.438	0.125	255.928
0.438	0.141	255.918
0.438	0.156	255.915
0.438	0.172	255.927
0.438	0.188	255.928
0.438	0.203	255.953
0.438	0.219	255.941
0.438	0.234	255.946
0.438	0.250	255.946
0.438	0.266	255.946
0.438	0.281	255.950
0.438	0.297	255.919
0.438	0.312	255.926
0.438	0.328	255.912
0.438	0.344	255.916
0.438	0.359	255.913
0.438	0.375	255.913
0.438	0.391	255.899
0.438	0.406	255.893
0.438	0.422	255.905
0.438	0.438	255.902
0.438	0.453	255.929
0.438	0.469	255.921
0.438	0.484	255.905
0.438	0.500	255.922
0.438	0.516	255.899
0.438	0.531	255.897
0.438	0.547	255.903
0.438	0.562	255.901
0.438	0.578	255.878
0.438	0.594	255.889
0.438	0.609	255.881
0.438	0.625	255.889
0.438	0.641	255.852
0.438	0.656	255.869
0.438	0.672	255.857
0.438	0.688	255.855
0.438	0.703	255.860
0.438	0.719	255.871
0.438	0.734	255.875
0.438	0.750	255.860
0.438	0.766	255.887
0.438	0.781	255.874
0.438	0.797	255.881
0.438	0.812	255.872
0.438	0.828	255.866
0.438	0.844	255.881
0.438	0.859	255.889
0.438	0.875	255.888
0.438	0.891	255.896
0.438	0.906	255.884
0.438	0.922	255.904
0.438	0.938	255.912
0.438	0.953	255.900
0.438	0.969	255.898
0.438	0.984	255.896

0.453	0.000	255.916
0.453	0.016	255.904
0.453	0.031	255.890
0.453	0.047	255.900
0.453	0.062	255.886
0.453	0.078	255.890
0.453	0.094	255.890
0.453	0.109	255.887
0.453	0.125	255.886
0.453	0.141	255.921
0.453	0.156	255.909
0.453	0.172	255.920
0.453	0.188	255.919
0.453	0.203	255.951
0.453	0.219	255.942
0.453	0.234	255.960
0.453	0.250	255.963
0.453	0.266	255.934
0.453	0.281	255.938
0.453	0.297	255.900
0.453	0.312	255.919
0.453	0.328	255.895
0.453	0.344	255.890
0.453	0.359	255.926
0.453	0.375	255.923
0.453	0.391	255.917
0.453	0.406	255.927
0.453	0.422	255.940
0.453	0.438	255.929
0.453	0.453	255.942
0.453	0.469	255.943
0.453	0.484	255.919
0.453	0.500	255.937
0.453	0.516	255.911
0.453	0.531	255.907
0.453	0.547	255.877
0.453	0.562	255.891
0.453	0.578	255.872
0.453	0.594	255.879
0.453	0.609	255.880
0.453	0.625	255.868
0.453	0.641	255.886
0.453	0.656	255.866
0.453	0.672	255.890
0.453	0.688	255.889
0.453	0.703	255.883
0.453	0.719	255.881
0.453	0.734	255.868
0.453	0.750	255.880
0.453	0.766	255.884
0.453	0.781	255.866
0.453	0.797	255.876
0.453	0.812	255.881
0.453	0.828	255.877
0.453	0.844	255.868
0.453	0.859	255.866
0.453	0.875	255.862
0.453	0.891	255.896
0.453	0.906	255.888
0.453	0.922	255.898
0.453	0.938	255.896
0.453	0.953	255.908
0.453	0.969	255.908
0.453	0.984	255.896

0.469	0.000	255.906
0.469	0.016	255.892
0.469	0.031	255.883
0.469	0.047	255.905
0.469	0.062	255.897
0.469	0.078	255.911
0.469	0.094	255.907
0.469	0.109	255.902
0.469	0.125	255.909
0.469	0.141	255.925
0.469	0.156	255.921
0.469	0.172	255.943
0.469	0.188	255.938
0.469	0.203	255.962
0.469	0.219	255.943
0.469	0.234	255.959
0.469	0.250	255.966
0.469	0.266	255.938
0.469	0.281	255.954
0.469	0.297	255.909
0.469	0.312	255.921
0.469	0.328	255.898
0.469	0.344	255.899
0.469	0.359	255.916
0.469	0.375	255.905
0.469	0.391	255.905
0.469	0.406	255.910
0.469	0.422	255.934
0.469	0.438	255.916
0.469	0.453	255.931
0.469	0.469	255.931
0.469	0.484	255.926
0.469	0.500	255.934
0.469	0.516	255.905
0.469	0.531	255.918
0.469	0.547	255.886
0.469	0.562	255.890
0.469	0.578	255.883
0.469	0.594	255.892
0.469	0.609	255.888
0.469	0.625	255.877
0.469	0.641	255.891
0.469	0.656	255.880
0.469	0.672	255.878
0.469	0.688	255.891
0.469	0.703	255.888
0.469	0.719	255.878
0.469	0.734	255.871
0.469	0.750	255.889
0.469	0.766	255.884
0.469	0.781	255.886
0.469	0.797	255.878
0.469	0.812	255.885
0.469	0.828	255.869
0.469	0.844	255.875
0.469	0.859	255.890
0.469	0.875	255.875
0.469	0.891	255.909
0.469	0.906	255.895
0.469	0.922	255.900
0.469	0.938	255.898
0.469	0.953	255.906
0.469	0.969	255.901
0.469	0.984	255.886

0.484	0.000	255.919
0.484	0.016	255.910
0.484	0.031	255.915
0.484	0.047	255.904
0.484	0.062	255.904
0.484	0.078	255.920
0.484	0.094	255.899
0.484	0.109	255.905
0.484	0.125	255.919
0.484	0.141	255.926
0.484	0.156	255.918
0.484	0.172	255.925
0.484	0.188	255.915
0.484	0.203	255.941
0.484	0.219	255.937
0.484	0.234	255.922
0.484	0.250	255.937
0.484	0.266	255.913
0.484	0.281	255.934
0.484	0.297	255.892
0.484	0.312	255.896
0.484	0.328	255.922
0.484	0.344	255.899
0.484	0.359	255.947
0.484	0.375	255.925
0.484	0.391	255.926
0.484	0.406	255.943
0.484	0.422	255.919
0.484	0.438	255.920
0.484	0.453	255.899
0.484	0.469	255.900
0.484	0.484	255.915
0.484	0.500	255.920
0.484	0.516	255.910
0.484	0.531	255.897
0.484	0.547	255.899
0.484	0.562	255.909
0.484	0.578	255.865
0.484	0.594	255.875
0.484	0.609	255.857
0.484	0.625	255.867
0.484	0.641	255.870
0.484	0.656	255.868
0.484	0.672	255.889
0.484	0.688	255.872
0.484	0.703	255.854
0.484	0.719	255.879
0.484	0.734	255.867
0.484	0.750	255.863
0.484	0.766	255.874
0.484	0.781	255.880
0.484	0.797	255.887
0.484	0.812	255.876
0.484	0.828	255.881
0.484	0.844	255.874
0.484	0.859	255.858
0.484	0.875	255.859
0.484	0.891	255.907
0.484	0.906	255.890
0.484	0.922	255.894
0.484	0.938	255.909
0.484	0.953	255.913
0.484	0.969	255.905
0.484	0.984	255.902

0.500	0.000	255.919
0.500	0.016	255.911
0.500	0.031	255.916
0.500	0.047	255.901
0.500	0.062	255.896
0.500	0.078	255.910
0.500	0.094	255.902
0.500	0.109	255.901
0.500	0.125	255.894
0.500	0.141	255.912
0.500	0.156	255.916
0.500	0.172	255.912
0.500	0.188	255.907
0.500	0.203	255.948
0.500	0.219	255.927
0.500	0.234	255.936
0.500	0.250	255.946
0.500	0.266	255.923
0.500	0.281	255.940
0.500	0.297	255.892
0.500	0.312	255.904
0.500	0.328	255.912
0.500	0.344	255.895
0.500	0.359	255.932
0.500	0.375	255.931
0.500	0.391	255.922
0.500	0.406	255.940
0.500	0.422	255.931
0.500	0.438	255.923
0.500	0.453	255.920
0.500	0.469	255.925
0.500	0.484	255.908
0.500	0.500	255.921
0.500	0.516	255.904
0.500	0.531	255.896
0.500	0.547	255.883
0.500	0.562	255.891
0.500	0.578	255.874
0.500	0.594	255.875
0.500	0.609	255.860
0.500	0.625	255.866
0.500	0.641	255.867
0.500	0.656	255.858
0.500	0.672	255.893
0.500	0.688	255.882
0.500	0.703	255.862
0.500	0.719	255.869
0.500	0.734	255.861
0.500	0.750	255.867
0.500	0.766	255.876
0.500	0.781	255.873
0.500	0.797	255.871
0.500	0.812	255.875
0.500	0.828	255.879
0.500	0.844	255.867
0.500	0.859	255.867
0.500	0.875	255.859
0.500	0.891	255.905
0.500	0.906	255.885
0.500	0.922	255.898
0.500	0.938	255.906
0.500	0.953	255.917
0.500	0.969	255.906
0.500	0.984	255.917

0.516	0.000	255.896
0.516	0.016	255.895
0.516	0.031	255.889
0.516	0.047	255.914
0.516	0.062	255.920
0.516	0.078	255.923
0.516	0.094	255.921
0.516	0.109	255.926
0.516	0.125	255.917
0.516	0.141	255.924
0.516	0.156	255.921
0.516	0.172	255.907
0.516	0.188	255.918
0.516	0.203	255.912
0.516	0.219	255.916
0.516	0.234	255.907
0.516	0.250	255.906
0.516	0.266	255.905
0.516	0.281	255.903
0.516	0.297	255.899
0.516	0.312	255.891
0.516	0.328	255.927
0.516	0.344	255.909
0.516	0.359	255.942
0.516	0.375	255.932
0.516	0.391	255.934
0.516	0.406	255.940
0.516	0.422	255.903
0.516	0.438	255.907
0.516	0.453	255.888
0.516	0.469	255.905
0.516	0.484	255.901
0.516	0.500	255.891
0.516	0.516	255.881
0.516	0.531	255.885
0.516	0.547	255.871
0.516	0.562	255.882
0.516	0.578	255.861
0.516	0.594	255.864
0.516	0.609	255.875
0.516	0.625	255.872
0.516	0.641	255.846
0.516	0.656	255.850
0.516	0.672	255.865
0.516	0.688	255.856
0.516	0.703	255.842
0.516	0.719	255.848
0.516	0.734	255.848
0.516	0.750	255.854
0.516	0.766	255.864
0.516	0.781	255.856
0.516	0.797	255.867
0.516	0.812	255.871
0.516	0.828	255.867
0.516	0.844	255.885
0.516	0.859	255.856
0.516	0.875	255.874
0.516	0.891	255.861
0.516	0.906	255.861
0.516	0.922	255.884
0.516	0.938	255.873
0.516	0.953	255.880
0.516	0.969	255.873
0.516	0.984	255.888

0.531	0.000	255.905
0.531	0.016	255.894
0.531	0.031	255.909
0.531	0.047	255.911
0.531	0.062	255.900
0.531	0.078	255.921
0.531	0.094	255.915
0.531	0.109	255.921
0.531	0.125	255.922
0.531	0.141	255.918
0.531	0.156	255.917
0.531	0.172	255.914
0.531	0.188	255.921
0.531	0.203	255.916
0.531	0.219	255.914
0.531	0.234	255.911
0.531	0.250	255.906
0.531	0.266	255.902
0.531	0.281	255.906
0.531	0.297	255.902
0.531	0.312	255.905
0.531	0.328	255.923
0.531	0.344	255.911
0.531	0.359	255.951
0.531	0.375	255.942
0.531	0.391	255.924
0.531	0.406	255.950
0.531	0.422	255.916
0.531	0.438	255.920
0.531	0.453	255.889
0.531	0.469	255.904
0.531	0.484	255.914
0.531	0.500	255.911
0.531	0.516	255.904
0.531	0.531	255.911
0.531	0.547	255.890
0.531	0.562	255.906
0.531	0.578	255.863
0.531	0.594	255.866
0.531	0.609	255.860
0.531	0.625	255.869
0.531	0.641	255.859
0.531	0.656	255.865
0.531	0.672	255.870
0.531	0.688	255.873
0.531	0.703	255.850
0.531	0.719	255.860
0.531	0.734	255.861
0.531	0.750	255.855
0.531	0.766	255.879
0.531	0.781	255.865
0.531	0.797	255.871
0.531	0.812	255.881
0.531	0.828	255.869
0.531	0.844	255.882
0.531	0.859	255.867
0.531	0.875	255.879
0.531	0.891	255.885
0.531	0.906	255.873
0.531	0.922	255.900
0.531	0.938	255.895
0.531	0.953	255.904
0.531	0.969	255.901
0.531	0.984	255.902

0.547	0.000	255.886
0.547	0.016	255.917
0.547	0.031	255.901
0.547	0.047	255.919
0.547	0.062	255.913
0.547	0.078	255.911
0.547	0.094	255.920
0.547	0.109	255.925
0.547	0.125	255.924
0.547	0.141	255.920
0.547	0.156	255.917
0.547	0.172	255.889
0.547	0.188	255.906
0.547	0.203	255.883
0.547	0.219	255.885
0.547	0.234	255.898
0.547	0.250	255.903
0.547	0.266	255.911
0.547	0.281	255.912
0.547	0.297	255.913
0.547	0.312	255.896
0.547	0.328	255.936
0.547	0.344	255.918
0.547	0.359	255.915
0.547	0.375	255.922
0.547	0.391	255.926
0.547	0.406	255.932
0.547	0.422	255.905
0.547	0.438	255.919
0.547	0.453	255.890
0.547	0.469	255.906
0.547	0.484	255.857
0.547	0.500	255.865
0.547	0.516	255.884
0.547	0.531	255.871
0.547	0.547	255.864
0.547	0.562	255.883
0.547	0.578	255.859
0.547	0.594	255.872
0.547	0.609	255.853
0.547	0.625	255.863
0.547	0.641	255.852
0.547	0.656	255.847
0.547	0.672	255.850
0.547	0.688	255.840
0.547	0.703	255.834
0.547	0.719	255.830
0.547	0.734	255.862
0.547	0.750	255.850
0.547	0.766	255.843
0.547	0.781	255.860
0.547	0.797	255.872
0.547	0.812	255.861
0.547	0.828	255.850
0.547	0.844	255.867
0.547	0.859	255.849
0.547	0.875	255.847
0.547	0.891	255.854
0.547	0.906	255.840
0.547	0.922	255.851
0.547	0.938	255.860
0.547	0.953	255.876
0.547	0.969	255.861
0.547	0.984	255.884

0.562	0.000	255.892
0.562	0.016	255.907
0.562	0.031	255.898
0.562	0.047	255.913
0.562	0.062	255.924
0.562	0.078	255.910
0.562	0.094	255.918
0.562	0.109	255.936
0.562	0.125	255.923
0.562	0.141	255.932
0.562	0.156	255.938
0.562	0.172	255.892
0.562	0.188	255.915
0.562	0.203	255.889
0.562	0.219	255.889
0.562	0.234	255.913
0.562	0.250	255.912
0.562	0.266	255.905
0.562	0.281	255.897
0.562	0.297	255.908
0.562	0.312	255.886
0.562	0.328	255.934
0.562	0.344	255.921
0.562	0.359	255.943
0.562	0.375	255.930
0.562	0.391	255.925
0.562	0.406	255.944
0.562	0.422	255.911
0.562	0.438	255.924
0.562	0.453	255.887
0.562	0.469	255.906
0.562	0.484	255.878
0.562	0.500	255.875
0.562	0.516	255.878
0.562	0.531	255.874
0.562	0.547	255.867
0.562	0.562	255.882
0.562	0.578	255.859
0.562	0.594	255.876
0.562	0.609	255.870
0.562	0.625	255.876
0.562	0.641	255.837
0.562	0.656	255.849
0.562	0.672	255.841
0.562	0.688	255.837
0.562	0.703	255.845
0.562	0.719	255.853
0.562	0.734	255.856
0.562	0.750	255.841
0.562	0.766	255.867
0.562	0.781	255.852
0.562	0.797	255.881
0.562	0.812	255.872
0.562	0.828	255.858
0.562	0.844	255.878
0.562	0.859	255.862
0.562	0.875	255.862
0.562	0.891	255.861
0.562	0.906	255.854
0.562	0.922	255.855
0.562	0.938	255.855
0.562	0.953	255.867
0.562	0.969	255.862
0.562	0.984	255.900

0.578	0.000	255.874
0.578	0.016	255.900
0.578	0.031	255.909
0.578	0.047	255.925
0.578	0.062	255.901
0.578	0.078	255.919
0.578	0.094	255.929
0.578	0.109	255.934
0.578	0.125	255.929
0.578	0.141	255.914
0.578	0.156	255.934
0.578	0.172	255.911
0.578	0.188	255.903
0.578	0.203	255.902
0.578	0.219	255.911
0.578	0.234	255.887
0.578	0.250	255.889
0.578	0.266	255.895
0.578	0.281	255.896
0.578	0.297	255.930
0.578	0.312	255.915
0.578	0.328	255.929
0.578	0.344	255.927
0.578	0.359	255.924
0.578	0.375	255.917
0.578	0.391	255.932
0.578	0.406	255.926
0.578	0.422	255.907
0.578	0.438	255.908
0.578	0.453	255.894
0.578	0.469	255.911
0.578	0.484	255.855
0.578	0.500	255.878
0.578	0.516	255.865
0.578	0.531	255.865
0.578	0.547	255.875
0.578	0.562	255.861
0.578	0.578	255.850
0.578	0.594	255.880
0.578	0.609	255.843
0.578	0.625	255.851
0.578	0.641	255.839
0.578	0.656	255.839
0.578	0.672	255.832
0.578	0.688	255.848
0.578	0.703	255.817
0.578	0.719	255.816
0.578	0.734	255.827
0.578	0.750	255.818
0.578	0.766	255.832
0.578	0.781	255.831
0.578	0.797	255.851
0.578	0.812	255.845
0.578	0.828	255.837
0.578	0.844	255.856
0.578	0.859	255.845
0.578	0.875	255.847
0.578	0.891	255.847
0.578	0.906	255.858
0.578	0.922	255.847
0.578	0.938	255.851
0.578	0.953	255.884
0.578	0.969	255.868
0.578	0.984	255.888

0.594	0.000	255.876
0.594	0.016	255.916
0.594	0.031	255.907
0.594	0.047	255.922
0.594	0.062	255.919
0.594	0.078	255.929
0.594	0.094	255.924
0.594	0.109	255.926
0.594	0.125	255.926
0.594	0.141	255.918
0.594	0.156	255.927
0.594	0.172	255.904
0.594	0.188	255.906
0.594	0.203	255.891
0.594	0.219	255.900
0.594	0.234	255.889
0.594	0.250	255.899
0.594	0.266	255.895
0.594	0.281	255.907
0.594	0.297	255.912
0.594	0.312	255.899
0.594	0.328	255.937
0.594	0.344	255.932
0.594	0.359	255.921
0.594	0.375	255.922
0.594	0.391	255.921
0.594	0.406	255.920
0.594	0.422	255.909
0.594	0.438	255.908
0.594	0.453	255.898
0.594	0.469	255.912
0.594	0.484	255.852
0.594	0.500	255.861
0.594	0.516	255.861
0.594	0.531	255.852
0.594	0.547	255.875
0.594	0.562	255.863
0.594	0.578	255.862
0.594	0.594	255.885
0.594	0.609	255.860
0.594	0.625	255.871
0.594	0.641	255.845
0.594	0.656	255.844
0.594	0.672	255.840
0.594	0.688	255.841
0.594	0.703	255.826
0.594	0.719	255.837
0.594	0.734	255.833
0.594	0.750	255.832
0.594	0.766	255.834
0.594	0.781	255.842
0.594	0.797	255.853
0.594	0.812	255.846
0.594	0.828	255.844
0.594	0.844	255.857
0.594	0.859	255.849
0.594	0.875	255.843
0.594	0.891	255.844
0.594	0.906	255.845
0.594	0.922	255.860
0.594	0.938	255.861
0.594	0.953	255.881
0.594	0.969	255.869
0.594	0.984	255.883

0.609	0.000	255.912
0.609	0.016	255.898
0.609	0.031	255.903
0.609	0.047	255.910
0.609	0.062	255.909
0.609	0.078	255.921
0.609	0.094	255.909
0.609	0.109	255.932
0.609	0.125	255.927
0.609	0.141	255.922
0.609	0.156	255.918
0.609	0.172	255.911
0.609	0.188	255.910
0.609	0.203	255.902
0.609	0.219	255.913
0.609	0.234	255.914
0.609	0.250	255.913
0.609	0.266	255.920
0.609	0.281	255.920
0.609	0.297	255.923
0.609	0.312	255.921
0.609	0.328	255.917
0.609	0.344	255.919
0.609	0.359	255.920
0.609	0.375	255.906
0.609	0.391	255.903
0.609	0.406	255.908
0.609	0.422	255.884
0.609	0.438	255.896
0.609	0.453	255.876
0.609	0.469	255.872
0.609	0.484	255.886
0.609	0.500	255.888
0.609	0.516	255.894
0.609	0.531	255.878
0.609	0.547	255.876
0.609	0.562	255.894
0.609	0.578	255.854
0.609	0.594	255.864
0.609	0.609	255.842
0.609	0.625	255.849
0.609	0.641	255.833
0.609	0.656	255.839
0.609	0.672	255.842
0.609	0.688	255.837
0.609	0.703	255.827
0.609	0.719	255.822
0.609	0.734	255.808
0.609	0.750	255.813
0.609	0.766	255.828
0.609	0.781	255.821
0.609	0.797	255.837
0.609	0.812	255.837
0.609	0.828	255.841
0.609	0.844	255.838
0.609	0.859	255.855
0.609	0.875	255.858
0.609	0.891	255.840
0.609	0.906	255.839
0.609	0.922	255.866
0.609	0.938	255.851
0.609	0.953	255.911
0.609	0.969	255.896
0.609	0.984	255.910

0.625	0.000	255.895
0.625	0.016	255.894
0.625	0.031	255.910
0.625	0.047	255.920
0.625	0.062	255.915
0.625	0.078	255.923
0.625	0.094	255.916
0.625	0.109	255.930
0.625	0.125	255.919
0.625	0.141	255.906
0.625	0.156	255.916
0.625	0.172	255.911
0.625	0.188	255.901
0.625	0.203	255.888
0.625	0.219	255.914
0.625	0.234	255.910
0.625	0.250	255.893
0.625	0.266	255.920
0.625	0.281	255.901
0.625	0.297	255.928
0.625	0.312	255.921
0.625	0.328	255.921
0.625	0.344	255.926
0.625	0.359	255.924
0.625	0.375	255.913
0.625	0.391	255.923
0.625	0.406	255.930
0.625	0.422	255.892
0.625	0.438	255.914
0.625	0.453	255.883
0.625	0.469	255.895
0.625	0.484	255.872
0.625	0.500	255.876
0.625	0.516	255.877
0.625	0.531	255.870
0.625	0.547	255.864
0.625	0.562	255.867
0.625	0.578	255.843
0.625	0.594	255.855
0.625	0.609	255.843
0.625	0.625	255.848
0.625	0.641	255.843
0.625	0.656	255.851
0.625	0.672	255.839
0.625	0.688	255.840
0.625	0.703	255.818
0.625	0.719	255.820
0.625	0.734	255.823
0.625	0.750	255.831
0.625	0.766	255.842
0.625	0.781	255.843
0.625	0.797	255.840
0.625	0.812	255.839
0.625	0.828	255.843
0.625	0.844	255.846
0.625	0.859	255.849
0.625	0.875	255.852
0.625	0.891	255.849
0.625	0.906	255.843
0.625	0.922	255.857
0.625	0.938	255.845
0.625	0.953	255.898
0.625	0.969	255.889
0.625	0.984	255.896

0.641	0.000	255.930
0.641	0.016	255.932
0.641	0.031	255.929
0.641	0.047	255.925
0.641	0.062	255.934
0.641	0.078	255.928
0.641	0.094	255.927
0.641	0.109	255.926
0.641	0.125	255.914
0.641	0.141	255.915
0.641	0.156	255.922
0.641	0.172	255.930
0.641	0.188	255.924
0.641	0.203	255.909
0.641	0.219	255.921
0.641	0.234	255.908
0.641	0.250	255.918
0.641	0.266	255.900
0.641	0.281	255.905
0.641	0.297	255.918
0.641	0.312	255.911
0.641	0.328	255.906
0.641	0.344	255.923
0.641	0.359	255.924
0.641	0.375	255.913
0.641	0.391	255.897
0.641	0.406	255.905
0.641	0.422	255.901
0.641	0.438	255.899
0.641	0.453	255.899
0.641	0.469	255.891
0.641	0.484	255.888
0.641	0.500	255.899
0.641	0.516	255.878
0.641	0.531	255.893
0.641	0.547	255.881
0.641	0.562	255.897
0.641	0.578	255.860
0.641	0.594	255.867
0.641	0.609	255.865
0.641	0.625	255.859
0.641	0.641	255.859
0.641	0.656	255.850
0.641	0.672	255.840
0.641	0.688	255.849
0.641	0.703	255.815
0.641	0.719	255.838
0.641	0.734	255.818
0.641	0.750	255.807
0.641	0.766	255.852
0.641	0.781	255.829
0.641	0.797	255.840
0.641	0.812	255.844
0.641	0.828	255.874
0.641	0.844	255.864
0.641	0.859	255.849
0.641	0.875	255.849
0.641	0.891	255.879
0.641	0.906	255.862
0.641	0.922	255.887
0.641	0.938	255.890
0.641	0.953	255.907
0.641	0.969	255.899
0.641	0.984	255.928

0.656	0.000	255.912
0.656	0.016	255.905
0.656	0.031	255.907
0.656	0.047	255.922
0.656	0.062	255.926
0.656	0.078	255.911
0.656	0.094	255.910
0.656	0.109	255.933
0.656	0.125	255.926
0.656	0.141	255.913
0.656	0.156	255.930
0.656	0.172	255.923
0.656	0.188	255.909
0.656	0.203	255.899
0.656	0.219	255.923
0.656	0.234	255.913
0.656	0.250	255.905
0.656	0.266	255.907
0.656	0.281	255.904
0.656	0.297	255.927
0.656	0.312	255.927
0.656	0.328	255.904
0.656	0.344	255.907
0.656	0.359	255.926
0.656	0.375	255.920
0.656	0.391	255.910
0.656	0.406	255.904
0.656	0.422	255.884
0.656	0.438	255.908
0.656	0.453	255.873
0.656	0.469	255.873
0.656	0.484	255.891
0.656	0.500	255.882
0.656	0.516	255.886
0.656	0.531	255.889
0.656	0.547	255.877
0.656	0.562	255.892
0.656	0.578	255.858
0.656	0.594	255.856
0.656	0.609	255.865
0.656	0.625	255.860
0.656	0.641	255.847
0.656	0.656	255.843
0.656	0.672	255.852
0.656	0.688	255.844
0.656	0.703	255.827
0.656	0.719	255.842
0.656	0.734	255.808
0.656	0.750	255.806
0.656	0.766	255.844
0.656	0.781	255.832
0.656	0.797	255.842
0.656	0.812	255.836
0.656	0.828	255.854
0.656	0.844	255.846
0.656	0.859	255.840
0.656	0.875	255.849
0.656	0.891	255.857
0.656	0.906	255.846
0.656	0.922	255.868
0.656	0.938	255.860
0.656	0.953	255.906
0.656	0.969	255.901
0.656	0.984	255.915

0.672	0.000	255.938
0.672	0.016	255.934
0.672	0.031	255.942
0.672	0.047	255.914
0.672	0.062	255.917
0.672	0.078	255.921
0.672	0.094	255.918
0.672	0.109	255.910
0.672	0.125	255.921
0.672	0.141	255.919
0.672	0.156	255.919
0.672	0.172	255.914
0.672	0.188	255.919
0.672	0.203	255.906
0.672	0.219	255.917
0.672	0.234	255.915
0.672	0.250	255.903
0.672	0.266	255.907
0.672	0.281	255.898
0.672	0.297	255.921
0.672	0.312	255.912
0.672	0.328	255.908
0.672	0.344	255.919
0.672	0.359	255.912
0.672	0.375	255.904
0.672	0.391	255.900
0.672	0.406	255.922
0.672	0.422	255.907
0.672	0.438	255.910
0.672	0.453	255.919
0.672	0.469	255.917
0.672	0.484	255.894
0.672	0.500	255.910
0.672	0.516	255.887
0.672	0.531	255.886
0.672	0.547	255.880
0.672	0.562	255.875
0.672	0.578	255.873
0.672	0.594	255.865
0.672	0.609	255.848
0.672	0.625	255.866
0.672	0.641	255.839
0.672	0.656	255.848
0.672	0.672	255.844
0.672	0.688	255.831
0.672	0.703	255.851
0.672	0.719	255.847
0.672	0.734	255.850
0.672	0.750	255.852
0.672	0.766	255.862
0.672	0.781	255.858
0.672	0.797	255.856
0.672	0.812	255.845
0.672	0.828	255.864
0.672	0.844	255.853
0.672	0.859	255.881
0.672	0.875	255.865
0.672	0.891	255.879
0.672	0.906	255.887
0.672	0.922	255.900
0.672	0.938	255.883
0.672	0.953	255.936
0.672	0.969	255.919
0.672	0.984	255.939

0.688	0.000	255.939
0.688	0.016	255.934
0.688	0.031	255.940
0.688	0.047	255.932
0.688	0.062	255.927
0.688	0.078	255.926
0.688	0.094	255.929
0.688	0.109	255.928
0.688	0.125	255.914
0.688	0.141	255.926
0.688	0.156	255.936
0.688	0.172	255.915
0.688	0.188	255.911
0.688	0.203	255.913
0.688	0.219	255.915
0.688	0.234	255.921
0.688	0.250	255.915
0.688	0.266	255.907
0.688	0.281	255.898
0.688	0.297	255.928
0.688	0.312	255.909
0.688	0.328	255.926
0.688	0.344	255.912
0.688	0.359	255.918
0.688	0.375	255.926
0.688	0.391	255.901
0.688	0.406	255.924
0.688	0.422	255.907
0.688	0.438	255.910
0.688	0.453	255.917
0.688	0.469	255.915
0.688	0.484	255.904
0.688	0.500	255.911
0.688	0.516	255.886
0.688	0.531	255.893
0.688	0.547	255.877
0.688	0.562	255.896
0.688	0.578	255.879
0.688	0.594	255.884
0.688	0.609	255.853
0.688	0.625	255.851
0.688	0.641	255.856
0.688	0.656	255.846
0.688	0.672	255.846
0.688	0.688	255.856
0.688	0.703	255.835
0.688	0.719	255.831
0.688	0.734	255.827
0.688	0.750	255.829
0.688	0.766	255.844
0.688	0.781	255.853
0.688	0.797	255.844
0.688	0.812	255.841
0.688	0.828	255.869
0.688	0.844	255.864
0.688	0.859	255.859
0.688	0.875	255.854
0.688	0.891	255.883
0.688	0.906	255.869
0.688	0.922	255.901
0.688	0.938	255.894
0.688	0.953	255.920
0.688	0.969	255.911
0.688	0.984	255.931

0.703	0.000	255.936
0.703	0.016	255.938
0.703	0.031	255.925
0.703	0.047	255.942
0.703	0.062	255.928
0.703	0.078	255.939
0.703	0.094	255.944
0.703	0.109	255.935
0.703	0.125	255.945
0.703	0.141	255.926
0.703	0.156	255.942
0.703	0.172	255.927
0.703	0.188	255.931
0.703	0.203	255.900
0.703	0.219	255.908
0.703	0.234	255.916
0.703	0.250	255.916
0.703	0.266	255.905
0.703	0.281	255.909
0.703	0.297	255.914
0.703	0.312	255.909
0.703	0.328	255.915
0.703	0.344	255.908
0.703	0.359	255.929
0.703	0.375	255.921
0.703	0.391	255.914
0.703	0.406	255.925
0.703	0.422	255.897
0.703	0.438	255.899
0.703	0.453	255.892
0.703	0.469	255.898
0.703	0.484	255.868
0.703	0.500	255.890
0.703	0.516	255.855
0.703	0.531	255.862
0.703	0.547	255.858
0.703	0.562	255.865
0.703	0.578	255.858
0.703	0.594	255.845
0.703	0.609	255.836
0.703	0.625	255.850
0.703	0.641	255.814
0.703	0.656	255.825
0.703	0.672	255.826
0.703	0.688	255.809
0.703	0.703	255.848
0.703	0.719	255.821
0.703	0.734	255.841
0.703	0.750	255.841
0.703	0.766	255.851
0.703	0.781	255.842
0.703	0.797	255.853
0.703	0.812	255.862
0.703	0.828	255.851
0.703	0.844	255.853
0.703	0.859	255.869
0.703	0.875	255.862
0.703	0.891	255.888
0.703	0.906	255.892
0.703	0.922	255.915
0.703	0.938	255.903
0.703	0.953	255.929
0.703	0.969	255.908
0.703	0.984	255.943

0.719	0.000	255.941
0.719	0.016	255.933
0.719	0.031	255.927
0.719	0.047	255.932
0.719	0.062	255.927
0.719	0.078	255.933
0.719	0.094	255.931
0.719	0.109	255.913
0.719	0.125	255.931
0.719	0.141	255.924
0.719	0.156	255.912
0.719	0.172	255.917
0.719	0.188	255.914
0.719	0.203	255.907
0.719	0.219	255.923
0.719	0.234	255.916
0.719	0.250	255.912
0.719	0.266	255.903
0.719	0.281	255.908
0.719	0.297	255.911
0.719	0.312	255.901
0.719	0.328	255.906
0.719	0.344	255.907
0.719	0.359	255.912
0.719	0.375	255.916
0.719	0.391	255.897
0.719	0.406	255.925
0.719	0.422	255.905
0.719	0.438	255.893
0.719	0.453	255.909
0.719	0.469	255.905
0.719	0.484	255.890
0.719	0.500	255.890
0.719	0.516	255.878
0.719	0.531	255.878
0.719	0.547	255.863
0.719	0.562	255.878
0.719	0.578	255.871
0.719	0.594	255.859
0.719	0.609	255.850
0.719	0.625	255.866
0.719	0.641	255.815
0.719	0.656	255.839
0.719	0.672	255.830
0.719	0.688	255.811
0.719	0.703	255.838
0.719	0.719	255.838
0.719	0.734	255.848
0.719	0.750	255.855
0.719	0.766	255.847
0.719	0.781	255.853
0.719	0.797	255.853
0.719	0.812	255.853
0.719	0.828	255.861
0.719	0.844	255.853
0.719	0.859	255.883
0.719	0.875	255.857
0.719	0.891	255.886
0.719	0.906	255.888
0.719	0.922	255.909
0.719	0.938	255.902
0.719	0.953	255.936
0.719	0.969	255.922
0.719	0.984	255.935

0.734	0.000	255.923
0.734	0.016	255.937
0.734	0.031	255.917
0.734	0.047	255.949
0.734	0.062	255.927
0.734	0.078	255.963
0.734	0.094	255.958
0.734	0.109	255.948
0.734	0.125	255.958
0.734	0.141	255.933
0.734	0.156	255.939
0.734	0.172	255.914
0.734	0.188	255.926
0.734	0.203	255.928
0.734	0.219	255.925
0.734	0.234	255.930
0.734	0.250	255.913
0.734	0.266	255.940
0.734	0.281	255.936
0.734	0.297	255.917
0.734	0.312	255.936
0.734	0.328	255.932
0.734	0.344	255.929
0.734	0.359	255.925
0.734	0.375	255.915
0.734	0.391	255.909
0.734	0.406	255.919
0.734	0.422	255.887
0.734	0.438	255.890
0.734	0.453	255.860
0.734	0.469	255.876
0.734	0.484	255.863
0.734	0.500	255.859
0.734	0.516	255.834
0.734	0.531	255.842
0.734	0.547	255.839
0.734	0.562	255.822
0.734	0.578	255.831
0.734	0.594	255.841
0.734	0.609	255.819
0.734	0.625	255.812
0.734	0.641	255.821
0.734	0.656	255.829
0.734	0.672	255.828
0.734	0.688	255.831
0.734	0.703	255.826
0.734	0.719	255.821
0.734	0.734	255.833
0.734	0.750	255.844
0.734	0.766	255.861
0.734	0.781	255.835
0.734	0.797	255.863
0.734	0.812	255.858
0.734	0.828	255.859
0.734	0.844	255.851
0.734	0.859	255.855
0.734	0.875	255.851
0.734	0.891	255.863
0.734	0.906	255.856
0.734	0.922	255.880
0.734	0.938	255.866
0.734	0.953	255.913
0.734	0.969	255.912
0.734	0.984	255.928

0.750	0.000	255.944
0.750	0.016	255.922
0.750	0.031	255.925
0.750	0.047	255.949
0.750	0.062	255.925
0.750	0.078	255.945
0.750	0.094	255.945
0.750	0.109	255.943
0.750	0.125	255.940
0.750	0.141	255.931
0.750	0.156	255.946
0.750	0.172	255.915
0.750	0.188	255.936
0.750	0.203	255.920
0.750	0.219	255.908
0.750	0.234	255.931
0.750	0.250	255.927
0.750	0.266	255.924
0.750	0.281	255.914
0.750	0.297	255.924
0.750	0.312	255.924
0.750	0.328	255.927
0.750	0.344	255.918
0.750	0.359	255.931
0.750	0.375	255.930
0.750	0.391	255.904
0.750	0.406	255.927
0.750	0.422	255.897
0.750	0.438	255.896
0.750	0.453	255.880
0.750	0.469	255.883
0.750	0.484	255.863
0.750	0.500	255.876
0.750	0.516	255.850
0.750	0.531	255.849
0.750	0.547	255.837
0.750	0.562	255.841
0.750	0.578	255.842
0.750	0.594	255.849
0.750	0.609	255.826
0.750	0.625	255.840
0.750	0.641	255.822
0.750	0.656	255.833
0.750	0.672	255.818
0.750	0.688	255.822
0.750	0.703	255.836
0.750	0.719	255.821
0.750	0.734	255.843
0.750	0.750	255.836
0.750	0.766	255.847
0.750	0.781	255.842
0.750	0.797	255.856
0.750	0.812	255.849
0.750	0.828	255.865
0.750	0.844	255.857
0.750	0.859	255.862
0.750	0.875	255.859
0.750	0.891	255.871
0.750	0.906	255.870
0.750	0.922	255.898
0.750	0.938	255.882
0.750	0.953	255.932
0.750	0.969	255.907
0.750	0.984	255.943

0.766	0.000	255.926
0.766	0.016	255.938
0.766	0.031	255.933
0.766	0.047	255.923
0.766	0.062	255.936
0.766	0.078	255.938
0.766	0.094	255.932
0.766	0.109	255.932
0.766	0.125	255.930
0.766	0.141	255.941
0.766	0.156	255.931
0.766	0.172	255.923
0.766	0.188	255.926
0.766	0.203	255.898
0.766	0.219	255.915
0.766	0.234	255.911
0.766	0.250	255.913
0.766	0.266	255.939
0.766	0.281	255.914
0.766	0.297	255.938
0.766	0.312	255.934
0.766	0.328	255.908
0.766	0.344	255.937
0.766	0.359	255.917
0.766	0.375	255.899
0.766	0.391	255.890
0.766	0.406	255.907
0.766	0.422	255.875
0.766	0.438	255.880
0.766	0.453	255.878
0.766	0.469	255.871
0.766	0.484	255.846
0.766	0.500	255.858
0.766	0.516	255.842
0.766	0.531	255.843
0.766	0.547	255.819
0.766	0.562	255.823
0.766	0.578	255.804
0.766	0.594	255.816
0.766	0.609	255.801
0.766	0.625	255.796
0.766	0.641	255.820
0.766	0.656	255.808
0.766	0.672	255.820
0.766	0.688	255.806
0.766	0.703	255.833
0.766	0.719	255.843
0.766	0.734	255.829
0.766	0.750	255.827
0.766	0.766	255.842
0.766	0.781	255.833
0.766	0.797	255.861
0.766	0.812	255.846
0.766	0.828	255.859
0.766	0.844	255.861
0.766	0.859	255.875
0.766	0.875	255.863
0.766	0.891	255.866
0.766	0.906	255.866
0.766	0.922	255.879
0.766	0.938	255.863
0.766	0.953	255.923
0.766	0.969	255.907
0.766	0.984	255.918

0.781	0.000	255.928
0.781	0.016	255.934
0.781	0.031	255.932
0.781	0.047	255.934
0.781	0.062	255.927
0.781	0.078	255.945
0.781	0.094	255.942
0.781	0.109	255.935
0.781	0.125	255.930
0.781	0.141	255.932
0.781	0.156	255.933
0.781	0.172	255.906
0.781	0.188	255.922
0.781	0.203	255.915
0.781	0.219	255.909
0.781	0.234	255.912
0.781	0.250	255.905
0.781	0.266	255.940
0.781	0.281	255.914
0.781	0.297	255.935
0.781	0.312	255.922
0.781	0.328	255.923
0.781	0.344	255.934
0.781	0.359	255.926
0.781	0.375	255.913
0.781	0.391	255.896
0.781	0.406	255.899
0.781	0.422	255.878
0.781	0.438	255.893
0.781	0.453	255.866
0.781	0.469	255.877
0.781	0.484	255.848
0.781	0.500	255.851
0.781	0.516	255.835
0.781	0.531	255.838
0.781	0.547	255.821
0.781	0.562	255.822
0.781	0.578	255.820
0.781	0.594	255.820
0.781	0.609	255.799
0.781	0.625	255.798
0.781	0.641	255.817
0.781	0.656	255.820
0.781	0.672	255.809
0.781	0.688	255.811
0.781	0.703	255.835
0.781	0.719	255.817
0.781	0.734	255.841
0.781	0.750	255.839
0.781	0.766	255.847
0.781	0.781	255.840
0.781	0.797	255.856
0.781	0.812	255.855
0.781	0.828	255.853
0.781	0.844	255.858
0.781	0.859	255.853
0.781	0.875	255.859
0.781	0.891	255.855
0.781	0.906	255.859
0.781	0.922	255.887
0.781	0.938	255.864
0.781	0.953	255.922
0.781	0.969	255.919
0.781	0.984	255.925

0.797	0.000	255.898
0.797	0.016	255.913
0.797	0.031	255.922
0.797	0.047	255.928
0.797	0.062	255.927
0.797	0.078	255.923
0.797	0.094	255.919
0.797	0.109	255.939
0.797	0.125	255.941
0.797	0.141	255.926
0.797	0.156	255.942
0.797	0.172	255.907
0.797	0.188	255.921
0.797	0.203	255.908
0.797	0.219	255.905
0.797	0.234	255.918
0.797	0.250	255.917
0.797	0.266	255.911
0.797	0.281	255.922
0.797	0.297	255.922
0.797	0.312	255.910
0.797	0.328	255.918
0.797	0.344	255.927
0.797	0.359	255.907
0.797	0.375	255.900
0.797	0.391	255.888
0.797	0.406	255.910
0.797	0.422	255.890
0.797	0.438	255.903
0.797	0.453	255.882
0.797	0.469	255.880
0.797	0.484	255.868
0.797	0.500	255.877
0.797	0.516	255.830
0.797	0.531	255.855
0.797	0.547	255.825
0.797	0.562	255.828
0.797	0.578	255.810
0.797	0.594	255.807
0.797	0.609	255.820
0.797	0.625	255.819
0.797	0.641	255.839
0.797	0.656	255.832
0.797	0.672	255.832
0.797	0.688	255.838
0.797	0.703	255.832
0.797	0.719	255.834
0.797	0.734	255.853
0.797	0.750	255.841
0.797	0.766	255.844
0.797	0.781	255.838
0.797	0.797	255.861
0.797	0.812	255.847
0.797	0.828	255.863
0.797	0.844	255.853
0.797	0.859	255.851
0.797	0.875	255.850
0.797	0.891	255.874
0.797	0.906	255.858
0.797	0.922	255.882
0.797	0.938	255.869
0.797	0.953	255.905
0.797	0.969	255.886
0.797	0.984	255.907

0.812	0.000	255.916
0.812	0.016	255.911
0.812	0.031	255.925
0.812	0.047	255.928
0.812	0.062	255.916
0.812	0.078	255.925
0.812	0.094	255.920
0.812	0.109	255.941
0.812	0.125	255.936
0.812	0.141	255.938
0.812	0.156	255.945
0.812	0.172	255.914
0.812	0.188	255.919
0.812	0.203	255.899
0.812	0.219	255.908
0.812	0.234	255.913
0.812	0.250	255.902
0.812	0.266	255.931
0.812	0.281	255.909
0.812	0.297	255.943
0.812	0.312	255.942
0.812	0.328	255.916
0.812	0.344	255.937
0.812	0.359	255.897
0.812	0.375	255.892
0.812	0.391	255.887
0.812	0.406	255.898
0.812	0.422	255.885
0.812	0.438	255.893
0.812	0.453	255.884
0.812	0.469	255.883
0.812	0.484	255.858
0.812	0.500	255.870
0.812	0.516	255.835
0.812	0.531	255.858
0.812	0.547	255.832
0.812	0.562	255.825
0.812	0.578	255.806
0.812	0.594	255.813
0.812	0.609	255.809
0.812	0.625	255.799
0.812	0.641	255.824
0.812	0.656	255.819
0.812	0.672	255.817
0.812	0.688	255.810
0.812	0.703	255.838
0.812	0.719	255.844
0.812	0.734	255.827
0.812	0.750	255.835
0.812	0.766	255.829
0.812	0.781	255.837
0.812	0.797	255.858
0.812	0.812	255.835
0.812	0.828	255.864
0.812	0.844	255.859
0.812	0.859	255.871
0.812	0.875	255.856
0.812	0.891	255.875
0.812	0.906	255.866
0.812	0.922	255.888
0.812	0.938	255.869
0.812	0.953	255.911
0.812	0.969	255.887
0.812	0.984	255.913

0.828	0.000	255.913
0.828	0.016	255.933
0.828	0.031	255.935
0.828	0.047	255.923
0.828	0.062	255.925
0.828	0.078	255.936
0.828	0.094	255.931
0.828	0.109	255.920
0.828	0.125	255.917
0.828	0.141	255.899
0.828	0.156	255.919
0.828	0.172	255.897
0.828	0.188	255.896
0.828	0.203	255.897
0.828	0.219	255.893
0.828	0.234	255.886
0.828	0.250	255.888
0.828	0.266	255.882
0.828	0.281	255.882
0.828	0.297	255.883
0.828	0.312	255.875
0.828	0.328	255.881
0.828	0.344	255.890
0.828	0.359	255.895
0.828	0.375	255.885
0.828	0.391	255.903
0.828	0.406	255.915
0.828	0.422	255.891
0.828	0.438	255.889
0.828	0.453	255.869
0.828	0.469	255.880
0.828	0.484	255.852
0.828	0.500	255.859
0.828	0.516	255.834
0.828	0.531	255.851
0.828	0.547	255.822
0.828	0.562	255.835
0.828	0.578	255.812
0.828	0.594	255.816
0.828	0.609	255.831
0.828	0.625	255.817
0.828	0.641	255.831
0.828	0.656	255.837
0.828	0.672	255.851
0.828	0.688	255.845
0.828	0.703	255.849
0.828	0.719	255.850
0.828	0.734	255.860
0.828	0.750	255.851
0.828	0.766	255.864
0.828	0.781	255.846
0.828	0.797	255.866
0.828	0.812	255.870
0.828	0.828	255.860
0.828	0.844	255.847
0.828	0.859	255.871
0.828	0.875	255.857
0.828	0.891	255.875
0.828	0.906	255.861
0.828	0.922	255.918
0.828	0.938	255.906
0.828	0.953	255.920
0.828	0.969	255.920
0.828	0.984	255.935

0.844	0.000	255.907
0.844	0.016	255.924
0.844	0.031	255.926
0.844	0.047	255.931
0.844	0.062	255.940
0.844	0.078	255.941
0.844	0.094	255.938
0.844	0.109	255.922
0.844	0.125	255.938
0.844	0.141	255.912
0.844	0.156	255.932
0.844	0.172	255.906
0.844	0.188	255.897
0.844	0.203	255.894
0.844	0.219	255.904
0.844	0.234	255.901
0.844	0.250	255.910
0.844	0.266	255.899
0.844	0.281	255.893
0.844	0.297	255.896
0.844	0.312	255.889
0.844	0.328	255.905
0.844	0.344	255.901
0.844	0.359	255.895
0.844	0.375	255.896
0.844	0.391	255.892
0.844	0.406	255.914
0.844	0.422	255.879
0.844	0.438	255.889
0.844	0.453	255.868
0.844	0.469	255.867
0.844	0.484	255.866
0.844	0.500	255.882
0.844	0.516	255.834
0.844	0.531	255.858
0.844	0.547	255.834
0.844	0.562	255.831
0.844	0.578	255.802
0.844	0.594	255.815
0.844	0.609	255.824
0.844	0.625	255.811
0.844	0.641	255.840
0.844	0.656	255.824
0.844	0.672	255.850
0.844	0.688	255.830
0.844	0.703	255.840
0.844	0.719	255.854
0.844	0.734	255.855
0.844	0.750	255.849
0.844	0.766	255.843
0.844	0.781	255.836
0.844	0.797	255.872
0.844	0.812	255.857
0.844	0.828	255.860
0.844	0.844	255.857
0.844	0.859	255.850
0.844	0.875	255.858
0.844	0.891	255.880
0.844	0.906	255.858
0.844	0.922	255.906
0.844	0.938	255.887
0.844	0.953	255.906
0.844	0.969	255.909
0.844	0.984	255.906

0.859	0.000	255.936
0.859	0.016	255.926
0.859	0.031	255.929
0.859	0.047	255.930
0.859	0.062	255.916
0.859	0.078	255.933
0.859	0.094	255.928
0.859	0.109	255.914
0.859	0.125	255.928
0.859	0.141	255.893
0.859	0.156	255.906
0.859	0.172	255.879
0.859	0.188	255.893
0.859	0.203	255.877
0.859	0.219	255.888
0.859	0.234	255.884
0.859	0.250	255.882
0.859	0.266	255.887
0.859	0.281	255.876
0.859	0.297	255.888
0.859	0.312	255.876
0.859	0.328	255.887
0.859	0.344	255.889
0.859	0.359	255.907
0.859	0.375	255.890
0.859	0.391	255.893
0.859	0.406	255.897
0.859	0.422	255.872
0.859	0.438	255.876
0.859	0.453	255.859
0.859	0.469	255.853
0.859	0.484	255.859
0.859	0.500	255.854
0.859	0.516	255.854
0.859	0.531	255.844
0.859	0.547	255.830
0.859	0.562	255.835
0.859	0.578	255.824
0.859	0.594	255.828
0.859	0.609	255.839
0.859	0.625	255.832
0.859	0.641	255.868
0.859	0.656	255.858
0.859	0.672	255.856
0.859	0.688	255.869
0.859	0.703	255.876
0.859	0.719	255.857
0.859	0.734	255.861
0.859	0.750	255.863
0.859	0.766	255.861
0.859	0.781	255.859
0.859	0.797	255.864
0.859	0.812	255.861
0.859	0.828	255.843
0.859	0.844	255.857
0.859	0.859	255.856
0.859	0.875	255.850
0.859	0.891	255.908
0.859	0.906	255.869
0.859	0.922	255.934
0.859	0.938	255.929
0.859	0.953	255.943
0.859	0.969	255.946
0.859	0.984	255.933

0.875	0.000	255.928
0.875	0.016	255.928
0.875	0.031	255.941
0.875	0.047	255.914
0.875	0.062	255.922
0.875	0.078	255.926
0.875	0.094	255.914
0.875	0.109	255.911
0.875	0.125	255.923
0.875	0.141	255.904
0.875	0.156	255.909
0.875	0.172	255.885
0.875	0.188	255.893
0.875	0.203	255.884
0.875	0.219	255.886
0.875	0.234	255.889
0.875	0.250	255.885
0.875	0.266	255.893
0.875	0.281	255.882
0.875	0.297	255.883
0.875	0.312	255.880
0.875	0.328	255.878
0.875	0.344	255.874
0.875	0.359	255.907
0.875	0.375	255.886
0.875	0.391	255.888
0.875	0.406	255.910
0.875	0.422	255.869
0.875	0.438	255.878
0.875	0.453	255.860
0.875	0.469	255.873
0.875	0.484	255.857
0.875	0.500	255.857
0.875	0.516	255.839
0.875	0.531	255.846
0.875	0.547	255.833
0.875	0.562	255.845
0.875	0.578	255.810
0.875	0.594	255.814
0.875	0.609	255.824
0.875	0.625	255.814
0.875	0.641	255.844
0.875	0.656	255.851
0.875	0.672	255.841
0.875	0.688	255.837
0.875	0.703	255.867
0.875	0.719	255.855
0.875	0.734	255.847
0.875	0.750	255.863
0.875	0.766	255.859
0.875	0.781	255.847
0.875	0.797	255.859
0.875	0.812	255.859
0.875	0.828	255.849
0.875	0.844	255.850
0.875	0.859	255.864
0.875	0.875	255.848
0.875	0.891	255.898
0.875	0.906	255.863
0.875	0.922	255.929
0.875	0.938	255.918
0.875	0.953	255.942
0.875	0.969	255.943
0.875	0.984	255.942

0.891	0.000	255.925
0.891	0.016	255.938
0.891	0.031	255.936
0.891	0.047	255.926
0.891	0.062	255.932
0.891	0.078	255.911
0.891	0.094	255.923
0.891	0.109	255.905
0.891	0.125	255.922
0.891	0.141	255.868
0.891	0.156	255.873
0.891	0.172	255.869
0.891	0.188	255.866
0.891	0.203	255.877
0.891	0.219	255.870
0.891	0.234	255.893
0.891	0.250	255.878
0.891	0.266	255.901
0.891	0.281	255.906
0.891	0.297	255.904
0.891	0.312	255.894
0.891	0.328	255.909
0.891	0.344	255.898
0.891	0.359	255.894
0.891	0.375	255.910
0.891	0.391	255.881
0.891	0.406	255.879
0.891	0.422	255.851
0.891	0.438	255.870
0.891	0.453	255.825
0.891	0.469	255.852
0.891	0.484	255.844
0.891	0.500	255.825
0.891	0.516	255.858
0.891	0.531	255.837
0.891	0.547	255.841
0.891	0.562	255.859
0.891	0.578	255.827
0.891	0.594	255.844
0.891	0.609	255.868
0.891	0.625	255.850
0.891	0.641	255.881
0.891	0.656	255.870
0.891	0.672	255.899
0.891	0.688	255.887
0.891	0.703	255.883
0.891	0.719	255.900
0.891	0.734	255.881
0.891	0.750	255.889
0.891	0.766	255.868
0.891	0.781	255.869
0.891	0.797	255.865
0.891	0.812	255.868
0.891	0.828	255.870
0.891	0.844	255.862
0.891	0.859	255.879
0.891	0.875	255.876
0.891	0.891	255.913
0.891	0.906	255.890
0.891	0.922	255.926
0.891	0.938	255.923
0.891	0.953	255.947
0.891	0.969	255.943
0.891	0.984	255.931

0.906	0.000	255.926
0.906	0.016	255.926
0.906	0.031	255.933
0.906	0.047	255.924
0.906	0.062	255.924
0.906	0.078	255.922
0.906	0.094	255.926
0.906	0.109	255.901
0.906	0.125	255.916
0.906	0.141	255.886
0.906	0.156	255.881
0.906	0.172	255.878
0.906	0.188	255.883
0.906	0.203	255.876
0.906	0.219	255.873
0.906	0.234	255.886
0.906	0.250	255.885
0.906	0.266	255.899
0.906	0.281	255.896
0.906	0.297	255.890
0.906	0.312	255.881
0.906	0.328	255.891
0.906	0.344	255.885
0.906	0.359	255.910
0.906	0.375	255.894
0.906	0.391	255.871
0.906	0.406	255.894
0.906	0.422	255.851
0.906	0.438	255.867
0.906	0.453	255.839
0.906	0.469	255.850
0.906	0.484	255.855
0.906	0.500	255.853
0.906	0.516	255.860
0.906	0.531	255.840
0.906	0.547	255.842
0.906	0.562	255.863
0.906	0.578	255.829
0.906	0.594	255.849
0.906	0.609	255.856
0.906	0.625	255.837
0.906	0.641	255.869
0.906	0.656	255.853
0.906	0.672	255.871
0.906	0.688	255.882
0.906	0.703	255.875
0.906	0.719	255.882
0.906	0.734	255.874
0.906	0.750	255.888
0.906	0.766	255.860
0.906	0.781	255.866
0.906	0.797	255.874
0.906	0.812	255.860
0.906	0.828	255.857
0.906	0.844	255.863
0.906	0.859	255.862
0.906	0.875	255.856
0.906	0.891	255.906
0.906	0.906	255.881
0.906	0.922	255.932
0.906	0.938	255.928
0.906	0.953	255.939
0.906	0.969	255.936
0.906	0.984	255.940

0.922	0.000	255.935
0.922	0.016	255.919
0.922	0.031	255.913
0.922	0.047	255.908
0.922	0.062	255.924
0.922	0.078	255.916
0.922	0.094	255.913
0.922	0.109	255.893
0.922	0.125	255.907
0.922	0.141	255.878
0.922	0.156	255.871
0.922	0.172	255.874
0.922	0.188	255.859
0.922	0.203	255.855
0.922	0.219	255.866
0.922	0.234	255.878
0.922	0.250	255.868
0.922	0.266	255.902
0.922	0.281	255.888
0.922	0.297	255.901
0.922	0.312	255.899
0.922	0.328	255.896
0.922	0.344	255.888
0.922	0.359	255.880
0.922	0.375	255.877
0.922	0.391	255.883
0.922	0.406	255.879
0.922	0.422	255.854
0.922	0.438	255.867
0.922	0.453	255.847
0.922	0.469	255.835
0.922	0.484	255.847
0.922	0.500	255.843
0.922	0.516	255.849
0.922	0.531	255.859
0.922	0.547	255.855
0.922	0.562	255.859
0.922	0.578	255.852
0.922	0.594	255.849
0.922	0.609	255.871
0.922	0.625	255.861
0.922	0.641	255.887
0.922	0.656	255.881
0.922	0.672	255.906
0.922	0.688	255.900
0.922	0.703	255.913
0.922	0.719	255.919
0.922	0.734	255.903
0.922	0.750	255.894
0.922	0.766	255.903
0.922	0.781	255.893
0.922	0.797	255.883
0.922	0.812	255.899
0.922	0.828	255.884
0.922	0.844	255.871
0.922	0.859	255.871
0.922	0.875	255.879
0.922	0.891	255.917
0.922	0.906	255.883
0.922	0.922	255.938
0.922	0.938	255.932
0.922	0.953	255.936
0.922	0.969	255.939
0.922	0.984	255.938

0.938	0.000	255.931
0.938	0.016	255.921
0.938	0.031	255.925
0.938	0.047	255.913
0.938	0.062	255.919
0.938	0.078	255.904
0.938	0.094	255.919
0.938	0.109	255.904
0.938	0.125	255.907
0.938	0.141	255.863
0.938	0.156	255.875
0.938	0.172	255.870
0.938	0.188	255.853
0.938	0.203	255.879
0.938	0.219	255.877
0.938	0.234	255.896
0.938	0.250	255.886
0.938	0.266	255.894
0.938	0.281	255.892
0.938	0.297	255.896
0.938	0.312	255.902
0.938	0.328	255.892
0.938	0.344	255.885
0.938	0.359	255.896
0.938	0.375	255.901
0.938	0.391	255.872
0.938	0.406	255.886
0.938	0.422	255.863
0.938	0.438	255.857
0.938	0.453	255.838
0.938	0.469	255.839
0.938	0.484	255.833
0.938	0.500	255.827
0.938	0.516	255.857
0.938	0.531	255.841
0.938	0.547	255.855
0.938	0.562	255.846
0.938	0.578	255.831
0.938	0.594	255.851
0.938	0.609	255.851
0.938	0.625	255.834
0.938	0.641	255.878
0.938	0.656	255.870
0.938	0.672	255.906
0.938	0.688	255.887
0.938	0.703	255.896
0.938	0.719	255.913
0.938	0.734	255.889
0.938	0.750	255.897
0.938	0.766	255.896
0.938	0.781	255.889
0.938	0.797	255.886
0.938	0.812	255.897
0.938	0.828	255.877
0.938	0.844	255.877
0.938	0.859	255.880
0.938	0.875	255.879
0.938	0.891	255.919
0.938	0.906	255.887
0.938	0.922	255.920
0.938	0.938	255.914
0.938	0.953	255.949
0.938	0.969	255.931
0.938	0.984	255.945

0.953	0.000	255.930
0.953	0.016	255.908
0.953	0.031	255.919
0.953	0.047	255.912
0.953	0.062	255.909
0.953	0.078	255.887
0.953	0.094	255.896
0.953	0.109	255.875
0.953	0.125	255.872
0.953	0.141	255.872
0.953	0.156	255.883
0.953	0.172	255.851
0.953	0.188	255.877
0.953	0.203	255.843
0.953	0.219	255.843
0.953	0.234	255.877
0.953	0.250	255.849
0.953	0.266	255.894
0.953	0.281	255.890
0.953	0.297	255.904
0.953	0.312	255.898
0.953	0.328	255.872
0.953	0.344	255.893
0.953	0.359	255.864
0.953	0.375	255.867
0.953	0.391	255.875
0.953	0.406	255.875
0.953	0.422	255.865
0.953	0.438	255.863
0.953	0.453	255.852
0.953	0.469	255.859
0.953	0.484	255.863
0.953	0.500	255.843
0.953	0.516	255.857
0.953	0.531	255.852
0.953	0.547	255.877
0.953	0.562	255.867
0.953	0.578	255.868
0.953	0.594	255.866
0.953	0.609	255.878
0.953	0.625	255.861
0.953	0.641	255.912
0.953	0.656	255.888
0.953	0.672	255.921
0.953	0.688	255.907
0.953	0.703	255.896
0.953	0.719	255.906
0.953	0.734	255.904
0.953	0.750	255.898
0.953	0.766	255.899
0.953	0.781	255.897
0.953	0.797	255.880
0.953	0.812	255.892
0.953	0.828	255.890
0.953	0.844	255.884
0.953	0.859	255.896
0.953	0.875	255.896
0.953	0.891	255.921
0.953	0.906	255.910
0.953	0.922	255.916
0.953	0.938	255.925
0.953	0.953	255.921
0.953	0.969	255.930
0.953	0.984	255.929

0.969	0.000	255.934
0.969	0.016	255.906
0.969	0.031	255.918
0.969	0.047	255.913
0.969	0.062	255.901
0.969	0.078	255.907
0.969	0.094	255.908
0.969	0.109	255.880
0.969	0.125	255.880
0.969	0.141	255.887
0.969	0.156	255.886
0.969	0.172	255.864
0.969	0.188	255.867
0.969	0.203	255.847
0.969	0.219	255.851
0.969	0.234	255.867
0.969	0.250	255.851
0.969	0.266	255.890
0.969	0.281	255.872
0.969	0.297	255.896
0.969	0.312	255.891
0.969	0.328	255.881
0.969	0.344	255.886
0.969	0.359	255.874
0.969	0.375	255.876
0.969	0.391	255.881
0.969	0.406	255.871
0.969	0.422	255.851
0.969	0.438	255.855
0.969	0.453	255.846
0.969	0.469	255.859
0.969	0.484	255.857
0.969	0.500	255.838
0.969	0.516	255.854
0.969	0.531	255.854
0.969	0.547	255.872
0.969	0.562	255.856
0.969	0.578	255.863
0.969	0.594	255.866
0.969	0.609	255.871
0.969	0.625	255.855
0.969	0.641	255.888
0.969	0.656	255.879
0.969	0.672	255.917
0.969	0.688	255.903
0.969	0.703	255.912
0.969	0.719	255.927
0.969	0.734	255.900
0.969	0.750	255.913
0.969	0.766	255.889
0.969	0.781	255.898
0.969	0.797	255.880
0.969	0.812	255.895
0.969	0.828	255.888
0.969	0.844	255.883
0.969	0.859	255.879
0.969	0.875	255.890
0.969	0.891	255.903
0.969	0.906	255.894
0.969	0.922	255.928
0.969	0.938	255.929
0.969	0.953	255.946
0.969	0.969	255.940
0.969	0.984	255.936

0.984	0.000	255.910
0.984	0.016	255.925
0.984	0.031	255.918
0.984	0.047	255.919
0.984	0.062	255.925
0.984	0.078	255.905
0.984	0.094	255.914
0.984	0.109	255.915
0.984	0.125	255.914
0.984	0.141	255.896
0.984	0.156	255.901
0.984	0.172	255.865
0.984	0.188	255.879
0.984	0.203	255.875
0.984	0.219	255.878
0.984	0.234	255.879
0.984	0.250	255.859
0.984	0.266	255.885
0.984	0.281	255.882
0.984	0.297	255.876
0.984	0.312	255.884
0.984	0.328	255.865
0.984	0.344	255.875
0.984	0.359	255.850
0.984	0.375	255.866
0.984	0.391	255.851
0.984	0.406	255.845
0.984	0.422	255.852
0.984	0.438	255.860
0.984	0.453	255.841
0.984	0.469	255.843
0.984	0.484	255.857
0.984	0.500	255.840
0.984	0.516	255.869
0.984	0.531	255.876
0.984	0.547	255.886
0.984	0.562	255.873
0.984	0.578	255.880
0.984	0.594	255.888
0.984	0.609	255.875
0.984	0.625	255.869
0.984	0.641	255.909
0.984	0.656	255.887
0.984	0.672	255.924
0.984	0.688	255.930
0.984	0.703	255.909
0.984	0.719	255.916
0.984	0.734	255.914
0.984	0.750	255.893
0.984	0.766	255.906
0.984	0.781	255.922
0.984	0.797	255.895
0.984	0.812	255.893
0.984	0.828	255.885
0.984	0.844	255.880
0.984	0.859	255.909
0.984	0.875	255.898
0.984	0.891	255.897
0.984	0.906	255.898
0.984	0.922	255.915
0.984	0.938	255.903
0.984	0.953	255.901
0.984	0.969	255.917
0.984	0.984	255.915

